MAF_bin GC_AFR  N_AFR   GC_EUR  N_EUR   GC_AMR  N_AMR   GC_EAS  N_EAS   GC_SAS  N_SAS   GC_Global       N_Global
0.000-0.005     0.555568        33648283        0.555648        33648279        0.555644        33648256        0.555650        33648259        0.555635        33648279
0.005-0.010     0.567540        1434874 0.569250        1434873 0.569274        1434850 0.569527        1434864 0.569372        1434868 0.568928        1434876
0.010-0.015     0.562844        643225  0.565944        643219  0.565989        643210  0.566460        643219  0.566209        643217  0.565375        643226
0.015-0.020     0.558246        413701  0.562495        413700  0.562570        413698  0.563146        413700  0.562891        413701  0.561710        413702
0.020-0.025     0.553620        287549  0.558516        287548  0.558553        287544  0.559283        287548  0.558893        287548  0.557594        287549
0.025-0.030     0.552278        207535  0.558051        207533  0.558186        207531  0.558788        207533  0.558421        207533  0.556907        207535
0.030-0.035     0.548004        167820  0.553431        167819  0.553368        167819  0.553983        167819  0.553635        167819  0.552278        167820
0.035-0.040     0.545700        139147  0.551649        139146  0.551594        139146  0.552330        139145  0.551690        139146  0.550361        139147
0.040-0.045     0.541982        112485  0.547532        112485  0.547581        112482  0.548452        112484  0.547797        112485  0.546461        112485
0.045-0.050     0.545667        101954  0.551056        101953  0.551232        101951  0.551935        101953  0.551128        101953  0.549965        101954
0.050-0.055     0.544461        89637   0.548970        89637   0.549197        89636   0.549968        89637   0.549226        89637   0.548173        89637
0.055-0.060     0.543518        77166   0.547237        77164   0.547283        77163   0.547727        77165   0.547327        77165   0.546461        77166
0.060-0.065     0.542505        74803   0.546281        74802   0.546183        74802   0.546557        74803   0.546380        74803   0.545441        74803
0.065-0.070     0.542071        65266   0.544842        65266   0.544476        65265   0.544508        65266   0.544679        65266   0.544029        65266
0.070-0.075     0.542353        64429   0.544896        64429   0.544860        64429   0.544869        64429   0.544606        64429   0.544190        64429
0.075-0.080     0.541699        60423   0.544880        60423   0.545297        60422   0.545770        60422   0.544459        60423   0.544227        60423
0.080-0.085     0.539878        55416   0.541502        55416   0.541768        55416   0.542367        55416   0.541285        55416   0.541271        55416
0.085-0.090     0.541284        54229   0.542053        54229   0.542209        54228   0.542871        54229   0.542087        54229   0.542075        54229
0.090-0.095     0.539657        52392   0.540559        52392   0.540301        52392   0.540391        52392   0.539880        52392   0.540121        52392
0.095-0.100     0.543854        47966   0.543842        47966   0.543785        47965   0.544788        47966   0.543958        47965   0.544096        47966
0.100-0.105	0.538670	48918	0.538687	48918	0.539001	48918	0.539419	48918	0.538718	48918	0.538877	48918
0.105-0.110	0.539170	47378	0.538589	47378	0.538759	47377	0.539094	47377	0.538850	47378	0.538918	47378
0.110-0.115	0.538894	44189	0.536477	44188	0.536268	44187	0.537490	44189	0.537365	44188	0.537508	44189
0.115-0.120	0.537086	44088	0.534639	44088	0.534814	44088	0.535270	44088	0.535453	44088	0.535581	44088
0.120-0.125	0.536705	41992	0.534379	41990	0.534848	41990	0.535183	41992	0.534139	41991	0.535099	41992
0.125-0.130	0.539137	39574	0.536154	39574	0.536051	39574	0.536977	39574	0.536071	39574	0.537064	39574
0.130-0.135	0.538780	40378	0.535753	40378	0.535932	40377	0.535027	40377	0.535673	40378	0.536296	40378
0.135-0.140	0.536356	38674	0.532447	38674	0.532667	38674	0.533197	38674	0.532901	38674	0.533703	38674
0.140-0.145	0.533936	38346	0.531273	38346	0.530811	38346	0.531427	38346	0.531198	38346	0.531929	38346
0.145-0.150	0.536616	37487	0.532765	37487	0.532882	37485	0.532582	37486	0.532184	37487	0.533529	37487
0.150-0.155	0.534310	35228	0.531045	35228	0.530491	35228	0.530456	35228	0.530586	35228	0.531576	35228
0.155-0.160	0.537264	35823	0.533749	35823	0.533478	35823	0.534049	35823	0.533665	35823	0.534644	35823
0.160-0.165	0.533980	34763	0.529839	34763	0.529360	34763	0.529807	34763	0.529603	34763	0.530771	34763
0.165-0.170	0.536327	32733	0.530123	32735	0.530010	32731	0.531480	32734	0.530692	32735	0.532090	32735
0.170-0.175	0.532705	34098	0.528923	34098	0.528543	34098	0.528544	34098	0.528215	34098	0.529576	34098
0.175-0.180	0.532917	33104	0.525636	33104	0.526090	33102	0.525806	33103	0.525314	33103	0.527393	33104
0.180-0.185	0.534648	32125	0.528505	32125	0.528751	32125	0.528453	32125	0.528318	32125	0.529966	32125
0.185-0.190	0.531459	32395	0.526242	32395	0.524476	32395	0.524412	32394	0.525422	32393	0.526834	32395
0.190-0.195	0.530812	30150	0.524317	30150	0.525209	30150	0.525042	30150	0.524667	30150	0.526189	30150
0.195-0.200	0.530482	32181	0.522372	32180	0.522277	32179	0.522732	32180	0.522715	32178	0.524537	32181
