	A	G	T	C
030-1	32470.5	72513.0	32964.0	72510.5
08-64	32554.5	72391.0	33098.5	72414.0
1101	32445.0	72575.0	33018.0	72420.0
1121	32464.5	72457.5	33142.0	72394.0
1127	32592.0	72384.0	33153.5	72328.5
11430	32625.0	72370.0	33134.5	72328.5
1145	32796.5	72229.0	33390.5	72042.0
1205A	32790.5	72134.0	33449.0	72084.5
1313	32518.0	72493.5	33120.5	72326.0
140	32367.5	72583.5	32996.5	72510.5
150-4	32599.5	72411.0	33084.0	72363.5
1538	32588.5	72457.5	33231.0	72181.0
1610	32098.5	72881.0	32725.5	72753.0
1614	32144.0	72844.5	32739.0	72730.5
17564	32582.5	72334.5	33263.0	72278.0
18	32651.5	72391.0	33014.0	72401.5
18-599	32738.0	72276.5	33243.5	72200.0
196	32670.5	72319.5	33193.0	72275.0
200-24-13413	32362.5	72635.0	32843.5	72617.0
2005	32546.5	72412.0	33136.0	72363.5
2005-4	32629.0	72333.5	33079.0	72416.5
200B	32643.0	72274.5	33339.0	72201.5
20564	32488.5	72476.5	33145.0	72348.0
207	32468.0	72531.5	33167.0	72291.5
20762	32351.0	72606.5	32919.0	72581.5
20837	32497.5	72535.5	32950.0	72475.0
2369	32203.0	72749.0	32782.0	72724.0
29MIBZ2	32543.5	72470.5	33270.0	72174.0
2FACC	32081.5	72928.0	32714.0	72734.5
2MA22	32494.5	72451.5	33042.5	72469.5
3189	32566.0	72425.5	33136.0	72330.5
32	32114.0	72880.0	32731.5	72732.5
3335	32561.0	72473.0	33077.0	72347.0
3489a	32533.0	72405.5	33217.5	72302.0
3514	32474.5	72510.0	33004.5	72469.0
3H2	32615.0	72367.0	33149.5	72326.5
3IBZ2	32300.0	72632.5	32998.0	72527.5
4003	32691.0	72208.5	33399.0	72159.5
411	32395.5	72576.5	33115.5	72370.5
433-7	32463.5	72548.5	33053.5	72392.5
441950	32358.5	72622.0	33165.5	72312.0
444	32401.0	72627.5	33064.5	72365.0
4676A	32280.5	72632.5	33052.5	72492.5
468-3	32067.0	72923.5	32716.0	72751.5
4722	32417.0	72598.0	32889.5	72553.5
4936	32582.5	72353.5	33104.5	72417.5
4F1	32611.5	72377.0	33188.0	72281.5
4N506	32158.5	72828.5	32833.5	72637.5
5023	32721.5	72208.0	33483.5	72045.0
5032	32629.0	72338.0	33335.0	72156.0
5707	32547.0	72479.0	32991.5	72440.5
6	32478.0	72495.0	33132.0	72353.0
6103	32092.5	72884.5	32728.5	72752.5
619	32547.5	72343.0	33242.0	72325.5
624	32551.0	72472.0	33267.5	72167.5
680	32103.5	72910.5	32686.0	72758.0
68122	32942.5	72102.0	33309.0	72104.5
68139	32489.5	72487.0	33199.0	72282.5
68202	32684.5	72247.0	33280.5	72246.0
697	32350.0	72615.0	32982.0	72511.0
698-3	32743.5	72127.0	33434.5	72153.0
6M502	32569.0	72436.0	33103.0	72350.0
7026B	32697.0	72264.0	33290.0	72207.0
707	32695.0	72338.5	33138.0	72286.5
7146	32645.0	72288.5	33404.5	72120.0
72-125	32745.0	72236.5	33348.5	72128.0
7236	32664.0	72239.0	33294.5	72260.5
7327	32571.5	72495.5	33047.0	72344.0
740	32453.5	72558.5	32906.5	72539.5
743	32109.5	72883.5	32730.0	72735.0
75-14gao	32542.5	72402.0	33214.5	72299.0
75-24	32547.5	72395.0	33341.0	72174.5
75-364	32597.0	72389.5	33201.5	72270.0
757	32165.5	72835.5	32735.0	72722.0
764	32058.5	72911.0	32761.0	72727.5
77	32345.0	72559.5	32960.5	72593.0
779	32252.0	72748.0	32802.0	72656.0
78002A	32063.0	72913.5	32727.0	72754.5
78004	32091.5	72887.0	32749.0	72730.5
78010	32090.5	72912.5	32733.5	72721.5
78371A	32453.0	72534.0	32886.0	72585.0
785	32287.5	72695.0	32835.0	72640.5
78551S	32347.0	72643.5	32926.0	72541.5
78599	32985.0	72045.0	33301.0	72127.0
787	32330.0	72675.5	32907.0	72545.5
7884	32393.0	72569.0	33209.0	72287.0
790	32216.5	72753.5	32917.5	72570.5
79028	32680.0	72280.0	33127.0	72371.0
7903E	32052.5	72936.0	32695.5	72774.0
79131	32489.0	72465.0	33241.0	72263.0
792	32417.0	72572.0	33050.5	72418.5
794	32090.5	72892.0	32749.5	72726.0
795	32536.0	72446.0	33132.5	72343.5
802	32661.5	72291.5	33166.5	72338.5
806A	32510.0	72433.5	33132.5	72382.0
807	32602.5	72338.0	33247.5	72270.0
807D	32428.5	72517.0	32983.5	72529.0
811A	32454.0	72500.5	32983.5	72520.0
82huangzao4	32473.5	72549.5	33058.0	72377.0
832	32505.5	72512.0	33112.0	72328.5
83IBI3	32409.0	72572.0	33151.0	72326.0
84-126-15-1	32661.0	72376.5	33115.5	72305.0
85bai64	32674.0	72325.0	33451.0	72008.0
87001	32817.5	72107.0	33301.5	72232.0
8701	32618.5	72320.5	33136.0	72383.0
87916W	32472.0	72415.5	33130.0	72440.5
897	32799.0	72226.0	33375.0	72058.0
8982	32621.5	72393.5	33124.5	72318.5
9058	32809.0	72208.0	33278.5	72162.5
9101-7	32160.5	72805.0	32807.5	72685.0
91huang10	32415.0	72554.5	32946.5	72542.0
91huang15	32537.5	72389.5	33168.0	72363.0
91huang5	32631.5	72348.5	33024.5	72453.5
926	32606.5	72341.0	33270.0	72240.5
928	32573.0	72379.0	33189.0	72317.0
92huang40	32562.0	72523.5	33019.0	72353.5
953	32576.0	72358.0	33275.5	72248.5
96201	32712.0	72264.5	33441.0	72040.5
9702	32659.5	72331.0	33198.0	72269.5
9706	32746.0	72197.0	33271.5	72243.5
9710	32478.5	72418.0	33209.5	72352.0
98F1	32151.5	72842.0	32805.0	72659.5
99122	32614.0	72347.0	33284.5	72212.5
A272	32547.0	72387.0	33154.0	72370.0
A554	32464.5	72513.5	33072.0	72408.0
A619	32413.5	72608.5	32920.5	72515.5
A632	32072.5	72917.5	32682.0	72786.0
A679	32323.5	72635.0	32946.5	72553.0
A801	32834.0	72107.0	33434.5	72082.5
Ay3566	32215.0	72740.0	32846.0	72657.0
Ay420	32326.0	72671.0	32866.5	72594.5
B09	32106.0	72834.0	32756.0	72762.0
B100	32320.5	72578.0	32990.5	72569.0
B102	32625.5	72294.0	33165.5	72373.0
B12	32686.0	72319.0	33240.5	72212.5
B14	32083.5	72888.5	32700.0	72786.0
B37	32489.0	72415.5	33232.5	72321.0
B394	32541.0	72472.5	33018.0	72426.5
B4	32281.0	72706.5	32825.5	72645.0
B47	32339.0	72604.0	33179.5	72335.5
B68	32101.0	72902.0	32707.5	72747.5
B7	32238.5	72772.5	32838.5	72608.5
B73	32108.5	72880.0	32750.5	72719.0
B76	32592.5	72302.5	33270.0	72293.0
B8	32433.0	72551.5	33050.5	72423.0
B95	32437.5	72620.5	32906.0	72494.0
B97	32446.0	72521.0	32991.0	72500.0
B98	32316.0	72641.5	32776.0	72724.5
bai197	32735.5	72253.0	33373.0	72096.5
baihe43	32566.5	72421.5	33182.5	72287.5
baiU8112	32456.0	72527.0	33054.0	72421.0
bao3040	32211.0	72822.5	32787.0	72637.5
BC4B	32085.0	72910.0	32712.5	72750.5
BCC03	32598.0	72391.5	33038.0	72430.5
Beck	32216.0	72770.0	32777.5	72694.5
ben7884	32376.0	72545.0	33131.0	72406.0
BKN009	32516.5	72453.0	33168.0	72320.5
BKN010	32714.0	72265.5	33315.5	72163.0
BKN011	32557.0	72438.5	33127.0	72335.5
BKN014	32379.5	72579.0	32844.0	72655.5
BKN015	32416.5	72571.0	32948.0	72522.5
BKN016	32442.5	72559.0	32970.0	72486.5
BKN017	32335.0	72689.0	32832.0	72602.0
BKN018	32648.5	72266.5	33126.5	72416.5
BKN019	32503.0	72450.5	33134.0	72370.5
BKN020	32520.5	72471.0	33168.5	72298.0
BKN022	32413.5	72488.5	33089.0	72467.0
BKN023	32480.5	72467.0	33243.0	72267.5
BKN025	32495.5	72441.5	33043.5	72477.5
BKN026	32404.5	72635.5	32989.5	72428.5
BKN027	32511.0	72464.5	33101.0	72381.5
BKN029	32441.0	72507.5	32937.0	72572.5
BKN030	32491.5	72534.5	32987.5	72444.5
BKN031	32675.0	72265.5	33297.0	72220.5
BKN032	32592.5	72358.0	33352.5	72155.0
BKN033	32301.0	72677.0	32940.5	72539.5
BKN034	32650.0	72329.0	33277.5	72201.5
BKN035	32375.0	72538.0	33012.0	72533.0
BKN040	32374.5	72584.0	32944.5	72555.0
BM	32528.0	72465.0	33085.5	72379.5
BS110	32417.0	72572.0	33050.5	72418.5
BT1	32857.5	72109.0	33456.5	72035.0
C103	32701.5	72282.5	33146.0	72328.0
C13	32343.5	72644.5	32902.5	72567.5
C166	32657.0	72277.5	33289.0	72234.5
C521	32718.0	72210.5	33422.0	72107.5
C8605-2	32588.5	72338.0	33150.0	72381.5
cai11-8	32283.5	72712.0	32988.0	72474.5
CAU178	32821.0	72242.5	33325.0	72069.5
CAU478	32256.0	72765.5	32781.0	72655.5
CAU5003	32875.5	72085.0	33473.0	72024.5
CAUCHANG72	32749.5	72205.5	33375.5	72127.5
CAUMo17	32589.5	72429.0	33116.5	72323.0
CAUZHENG58	32333.0	72664.0	32903.0	72558.0
chang3	32345.0	72650.0	32929.5	72533.5
chang69	32165.5	72837.5	32711.5	72743.5
chang72	32599.0	72340.5	33110.0	72408.5
chang7daxian1	32559.0	72393.5	33161.0	72344.5
changD	32657.5	72287.5	33334.5	72178.5
changK	32698.5	72345.5	33062.0	72352.0
chaoxianbai	32325.5	72631.0	32772.5	72729.0
chen322	32535.0	72441.0	33197.5	72284.5
cheng18	32604.5	72347.0	33201.0	72305.5
cheng435	32200.0	72782.5	32771.0	72704.5
cheng698-3	32804.0	72100.0	33412.5	72141.5
chengzi108	32500.0	72489.5	32960.5	72508.0
chengzi2142	32783.0	72121.0	33377.0	72177.0
chi545	32602.0	72367.0	33265.5	72223.5
chihuang14	32263.0	72722.5	32845.5	72627.0
chihuang32	32444.5	72630.5	33003.0	72380.0
chong72	32313.0	72675.0	32896.5	72573.5
CM105	32263.5	72685.0	32878.5	72631.0
CML103	32619.0	72377.5	33154.0	72307.5
CML103-run248	32636.0	72360.5	33209.0	72252.5
CML125-2pianma	32432.0	72472.5	33052.0	72501.5
CML133	32446.0	72502.5	33103.0	72406.5
CML192	32680.5	72228.5	33319.0	72230.0
CML202	32620.5	72327.0	33227.0	72283.5
CML206	32565.5	72344.5	33239.0	72309.0
CML228	32781.0	72116.0	33254.0	72307.0
CML247	32671.0	72339.5	33162.5	72285.0
CML277	32476.5	72409.5	32984.0	72588.0
CML312SR	32708.0	72282.5	33278.5	72189.0
CML322	32497.5	72441.0	33174.5	72345.0
CML330	32463.5	72492.5	33096.5	72405.5
CML333	32620.0	72418.5	33170.0	72249.5
CML341	32636.5	72358.0	33052.5	72411.0
CML411	32520.0	72423.0	33153.5	72361.5
CML418	32591.0	72421.0	33129.0	72317.0
CML479	32492.0	72473.5	33053.5	72439.0
CML504	32575.0	72505.0	33103.5	72274.5
CML505	32617.5	72296.0	33243.5	72301.0
CML511	32498.5	72434.0	33081.5	72444.0
CML52	32488.5	72517.5	33005.5	72446.5
CML58	32740.0	72218.0	33332.5	72167.5
CML69	32644.0	72304.5	33198.5	72311.0
CML84	32533.0	72438.0	33122.0	72365.0
CML85	32449.0	72588.5	33048.0	72372.5
CML96	32311.5	72645.0	33009.5	72492.0
CML99	32612.0	72351.5	33100.0	72394.5
CN104	32465.0	72457.5	33130.5	72405.0
CN165	32462.5	72518.0	33055.5	72422.0
Co109	32250.0	72708.5	32828.0	72671.5
CR14	32264.0	72694.0	32809.5	72690.5
CR1HT	32419.0	72552.5	32978.5	72508.0
CT109	32853.0	72216.0	33247.5	72141.5
CT52C	32847.5	72078.5	33323.5	72208.5
Cwu215B	32584.0	72406.0	33136.5	72331.5
D1049	32734.5	72173.0	33348.5	72202.0
D1051	32658.0	72320.0	33160.5	72319.5
D1139	32652.5	72307.5	33420.0	72078.0
d140	32664.0	72298.5	33299.0	72196.5
D15	32085.5	72899.5	32734.5	72738.5
D20	32869.0	72188.0	33143.0	72258.0
D23	32610.0	72350.0	33190.0	72308.0
D33A	32767.5	72219.5	33220.0	72251.0
D340	32654.0	72368.0	33181.0	72255.0
D619	32482.0	72469.0	33180.5	72326.5
D729	32637.5	72340.5	33145.5	72334.5
D801	32585.0	72324.5	33510.5	72038.0
D854	32624.5	72323.5	33192.0	72318.0
D856	32823.5	72181.0	33261.5	72192.0
D857	32594.5	72432.0	33198.0	72233.5
D864	32528.0	72413.0	33148.5	72368.5
D869	32605.5	72384.5	33162.0	72306.0
D88	32508.0	72360.0	33293.0	72297.0
D881	32497.5	72487.5	33095.0	72378.0
D883	32605.0	72362.5	33116.0	72374.5
D886	32514.0	72469.5	33096.0	72378.5
D892	32593.0	72380.0	33160.5	72324.5
D978	32398.0	72636.5	32984.5	72439.0
da255	32618.5	72409.5	33127.0	72303.0
dai6	32563.5	72362.5	33167.0	72365.0
daMO	32514.5	72484.0	33115.5	72344.0
dan3115	32531.5	72438.5	32984.0	72504.0
dan340	32687.0	72265.5	33386.0	72119.5
dan598	32780.5	72238.5	33160.0	72279.0
dan599	32981.0	72075.0	33292.5	72109.5
dan9046	32641.0	72285.0	33181.0	72351.0
dan9064	32657.5	72308.5	33242.5	72249.5
danhuang02	32667.0	72230.5	33522.0	72038.5
daqing133	32403.0	72619.0	32944.0	72492.0
De811	32303.0	72676.5	32850.0	72628.5
DF20	32088.0	72907.0	32730.0	72733.0
DF24	32224.0	72757.5	32864.0	72612.5
DF27	32596.0	72414.5	33102.0	72345.5
DF32	32341.0	72638.0	32988.0	72491.0
DH138	32471.0	72539.0	33041.0	72407.0
DH149	32458.0	72484.5	33101.5	72414.0
DH40	32611.5	72300.5	33394.5	72151.5
DH65232	32802.0	72088.0	33468.0	72100.0
DH65232-DH9	32646.0	72316.5	33240.0	72255.5
DJ7	32108.0	72876.5	32778.5	72695.0
DM07	32300.0	72693.0	32965.0	72500.0
DM101B	32696.0	72282.0	33220.0	72260.0
dong327	32342.5	72600.5	32899.0	72616.0
dupl-178	32821.5	72242.5	33323.5	72070.5
dupl-478	32248.5	72777.5	32777.0	72655.0
dupl-5003	32757.0	72191.0	33353.5	72156.5
dupl-Zheng58	32361.0	72658.0	32908.0	72531.0
duzi	32479.0	72496.5	33090.5	72392.0
E200	32495.0	72446.0	33346.0	72171.0
e220	32080.5	72914.0	32752.0	72711.5
E28	32266.0	72752.0	32821.5	72618.5
E588	32553.0	72418.0	33225.5	72261.5
E600	32411.5	72513.0	33113.0	72420.5
E601	32593.5	72301.0	33275.0	72288.5
E8501	32511.0	72456.5	33064.0	72426.5
equn3	32763.5	72264.5	33292.0	72138.0
equn4	32584.0	72390.5	33167.0	72316.5
ernan24	32641.5	72340.0	33375.5	72101.0
ES40	32636.5	72357.0	33270.0	72194.5
F42	32144.0	72827.0	32800.5	72686.5
F7	32426.0	72612.0	32800.0	72620.0
F7584	32510.0	72490.0	32940.0	72518.0
F939	32705.0	72296.5	33417.0	72039.5
fangyin	32755.5	72182.0	33439.0	72081.5
fanrong2	32578.0	72379.0	33009.5	72491.5
FAP1360A	32260.0	72740.5	32846.0	72611.5
FAPW	32049.5	72936.0	32690.5	72782.0
FBHJ	32214.5	72750.5	32813.5	72679.5
FC-13	32534.5	72408.5	33233.5	72281.5
Feb-48	32577.5	72338.0	33218.5	72324.0
fengke1	32518.5	72466.0	33002.5	72471.0
FR14	32290.0	72735.0	32915.0	72518.0
fu8521	32428.5	72568.5	32899.5	72561.5
fu8527	32544.0	72390.5	33280.5	72243.0
fu8529	32241.5	72742.5	32983.0	72491.0
fu8538	32710.0	72319.0	33164.5	72264.5
fu8701	32179.5	72849.5	32792.0	72637.0
fu96	32259.5	72735.5	32837.0	72626.0
fusheA	32464.5	72531.0	33034.0	72428.5
gan41	32478.0	72598.5	32939.5	72442.0
GN4095	32647.5	72361.5	33152.0	72297.0
guan17-1	32329.0	72658.0	32944.0	72527.0
guangyou5	32589.0	72376.5	33126.0	72366.5
GY3	32649.0	72361.5	33137.5	72310.0
H105W	32139.0	72847.0	32815.5	72656.5
H114	32446.5	72447.5	32985.0	72579.0
H127	32752.5	72154.0	33349.0	72202.5
H16	32531.0	72400.5	33067.5	72459.0
H2	32201.5	72778.0	32747.5	72731.0
H21	32560.5	72374.0	33234.5	72289.0
H66-6	32458.0	72504.0	33054.5	72441.5
H84	32263.0	72757.5	32839.0	72598.5
H8431	32168.0	72848.0	32734.5	72707.5
H99	32382.0	72661.5	32789.0	72625.5
hai014	32557.0	72445.0	33041.5	72414.5
hai1134	32690.0	72224.0	33501.0	72043.0
hai9-21	32427.5	72527.0	32991.5	72512.0
han21	32526.5	72480.5	33049.0	72402.0
han49	32504.0	72435.0	33110.5	72408.5
HB8229	32517.0	72431.0	33077.5	72432.5
HBAI	32373.0	72644.5	32985.5	72455.0
HD568	32436.0	72554.5	33070.5	72397.0
Hda-5	32353.0	72650.0	32886.5	72568.5
he344	32530.5	72462.0	33161.0	72304.5
HHe01	32859.0	72176.0	33289.0	72134.0
HP301	32426.5	72581.0	32943.0	72507.5
hu803	32295.5	72669.0	32826.0	72667.5
hua160	32320.0	72738.5	32880.0	72519.5
huangC	32842.5	72096.0	33424.0	72095.5
huangchanga	32352.5	72631.0	32883.0	72591.5
huangchangb	32728.5	72198.5	33348.5	72182.5
huangyesi	32627.5	72360.5	33262.0	72208.0
huangyesi3	32703.0	72227.5	33421.0	72106.5
huangzaosi	32736.5	72195.5	33404.0	72122.0
huo17	32527.5	72493.0	33030.5	72407.0
huobai	32614.0	72343.5	33245.0	72255.5
huotanghuang	32583.0	72448.5	33051.0	72375.5
huotanghuang17	32534.0	72405.0	33156.5	72362.5
IA5125	32345.0	72649.5	32888.5	72575.0
IB014	32428.5	72593.0	33129.5	72307.0
IB02	32275.5	72730.5	32983.5	72468.5
IBB14	32065.0	72910.0	32709.0	72774.0
IBB15	32609.0	72392.0	33326.0	72131.0
IBC2	32535.0	72504.5	33243.5	72175.0
Il14H	32533.0	72515.5	33024.0	72385.5
J8606	32537.5	72474.0	33047.0	72399.5
ji4112	32681.0	72285.5	33316.5	72175.0
ji432	32489.0	72456.0	33241.5	72271.5
ji434	32522.5	72420.0	33078.0	72437.5
ji444	32659.5	72282.5	33237.5	72278.5
ji53	32597.0	72429.5	33035.0	72396.5
ji533	32516.5	72462.5	33278.5	72200.5
ji63	32343.5	72664.5	32883.0	72567.0
ji833	32690.5	72265.5	33312.5	72189.5
ji846	32595.0	72399.5	33104.5	72359.0
ji853	32668.5	72276.0	33408.0	72105.5
ji870	32346.5	72635.5	32894.0	72582.0
jian1495a	32253.5	72734.5	32848.0	72622.0
jian1495b	32231.0	72757.5	32894.5	72575.0
jiao05	32634.5	72373.0	33116.0	72334.5
jiao3	32457.5	72480.0	33256.5	72264.0
jiao51	32548.5	72436.0	33240.5	72233.0
jingnuo2	32685.0	72266.5	33242.0	72264.5
jinsui54	32452.0	72516.5	33086.5	72403.0
jiu138-5	32702.0	72220.5	33493.0	72042.5
jiu22	32579.0	72387.0	33240.5	72251.5
jiutai1	32189.0	72769.0	32888.0	72612.0
K10	32340.0	72728.5	32814.0	72575.5
K12	32588.5	72396.0	33065.0	72408.5
K14	32726.5	72221.5	33321.5	72188.5
K22	32778.5	72191.5	33316.5	72171.5
K514	32590.0	72410.0	33055.5	72402.5
Ki11	32675.5	72260.5	33197.5	72324.5
Ki21	32712.5	72240.0	33335.5	72170.0
KI3	32595.5	72332.5	33219.5	72310.5
KP3130	32380.0	72497.0	33191.5	72389.5
Ky21	32380.5	72600.0	32886.5	72591.0
L005	32760.5	72249.0	33197.0	72251.5
L05-6	32214.5	72759.0	32783.5	72701.0
L061F	32565.0	72413.0	33068.5	72411.5
L061M	32270.5	72720.5	32837.5	72629.5
L069	32910.0	72105.5	33289.5	72153.0
L-1	32770.0	72312.0	33202.0	72174.0
L105	32565.0	72406.0	33050.0	72437.0
L127	32418.0	72531.0	33095.5	72413.5
L135	32395.0	72583.0	33146.5	72333.5
L139	32445.5	72591.0	33017.0	72404.5
L473	32731.0	72217.5	33368.0	72141.5
L578	32532.0	72404.5	33119.5	72402.0
La2-4	32078.0	72917.0	32710.0	72753.0
lan766-4-2	32372.5	72590.0	32995.5	72500.0
LD61	32337.0	72666.5	33112.0	72342.5
LH1	32487.0	72489.0	33173.5	72308.5
LH119	32131.5	72839.5	32754.0	72733.0
LH123HT	32368.0	72622.0	32931.0	72537.0
LH127	32586.0	72437.5	32995.5	72439.0
LH128	32614.0	72384.0	33126.0	72334.0
LH132	32126.0	72843.5	32775.0	72713.5
LH143	32060.5	72923.5	32684.0	72790.0
LH145	32248.0	72766.5	32783.0	72660.5
LH146HT	32189.5	72796.0	32768.5	72704.0
LH149	32072.0	72896.0	32742.5	72747.5
LH150	32617.5	72353.0	33128.0	72359.5
LH156	32382.5	72630.0	32944.5	72501.0
LH160	32246.5	72737.0	32807.0	72667.5
LH162	32384.5	72652.0	32930.5	72491.0
LH190	32120.0	72854.0	32732.5	72751.5
LH191	32298.0	72691.0	32815.0	72654.0
LH192	32537.5	72424.0	33127.0	72369.5
LH193	32124.0	72816.5	32782.5	72735.0
LH194	32551.5	72421.5	33320.5	72164.5
LH196	32120.5	72827.5	32751.5	72758.5
LH202	32109.5	72877.5	32764.5	72706.5
LH205	32101.5	72877.0	32738.5	72741.0
LH208	32425.5	72606.0	33088.5	72338.0
LH215	32459.5	72490.0	33045.0	72463.5
LH220Ht	32303.0	72677.0	32820.0	72658.0
LH295	32485.5	72474.5	33099.5	72398.5
LH38	32440.5	72544.0	32892.5	72581.0
LH39	32481.0	72452.0	32961.0	72564.0
LH51	32481.0	72546.0	32967.5	72463.5
LH52	32520.0	72482.0	33065.5	72390.5
LH54	32540.5	72486.5	33088.5	72342.5
LH57	32579.5	72445.5	33052.5	72380.5
LH59	32603.0	72422.0	33068.0	72365.0
LH60	32594.5	72405.0	33154.5	72304.0
LH61	32516.0	72493.5	33014.0	72434.5
LH65	32505.5	72455.0	33073.0	72424.5
LH74	32074.5	72913.0	32729.0	72741.5
LH82	32512.5	72452.5	33282.5	72210.5
LH85	32466.0	72507.0	32993.5	72491.5
LH93	32208.0	72750.5	32867.0	72632.5
lian87	32465.0	72475.5	33139.5	72378.0
liao2202	32894.0	72066.5	33420.0	72077.5
liao2204	32585.0	72397.0	33220.5	72255.5
liao4271	32551.0	72382.0	33444.5	72080.5
liao5110	32197.5	72806.5	32748.5	72705.5
liao7794	32201.0	72813.5	32772.0	72671.5
LIBC4	32547.5	72467.5	33197.5	72245.5
LM-2	32497.5	72474.5	33055.5	72430.5
Lo	32517.0	72462.0	33190.5	72288.5
Lo1067	32384.5	72550.0	32977.0	72546.5
Lo1125	32418.0	72603.5	32996.5	72440.0
longkang1	32395.0	72588.0	33036.0	72439.0
longkang11	32683.5	72226.0	33490.5	72058.0
Los-6	32221.5	72752.5	32808.5	72675.5
LP1	32092.5	72893.5	32694.0	72778.0
Lp215D	32357.0	72619.0	32830.0	72652.0
LP5	32082.0	72905.5	32738.0	72732.5
lu65	32452.5	72551.5	32997.5	72456.5
luosu3	32470.5	72521.5	33034.0	72432.0
luyuan133	32639.5	72320.5	33179.0	72319.0
luyuan92	32329.0	72662.0	33003.0	72464.0
lv28	32498.5	72512.5	32885.5	72561.5
lv45	32279.0	72713.5	32824.5	72641.0
Lx9801	32641.5	72319.0	33389.0	72108.5
M101	32640.5	72332.5	33296.5	72188.5
M1016	32560.5	72434.0	33196.0	72267.5
M131-5	32881.5	72103.5	33297.5	72175.5
M14	32461.5	72521.5	33065.0	72410.0
M162W	32659.0	72235.5	33308.0	72255.5
M22	32369.0	72575.0	32982.0	72532.0
M3	32577.5	72424.0	33251.0	72205.5
M3736	32417.5	72580.5	33001.5	72458.5
M37W	32603.0	72381.0	33107.0	72367.0
M9	32417.5	72659.0	32980.0	72401.5
Max	32569.5	72426.0	33257.0	72205.5
Maxa	32497.0	72469.5	33103.5	72388.0
MBNA	32460.0	72553.5	32966.0	72478.5
MBPM	32576.0	72354.5	33225.5	72302.0
MBSJ	32570.5	72301.0	33212.5	72374.0
MBST	32429.5	72521.5	32890.0	72617.0
MBUB	32661.0	72288.5	33238.5	72270.0
MDF-13D	32286.5	72690.0	32847.0	72634.5
mei68113	32758.0	72140.5	33327.5	72232.0
ML606	32342.0	72624.0	32946.5	72545.5
MM-1A	32629.0	72332.5	33267.5	72229.0
MM402A	32484.5	72512.0	33034.5	72427.0
MO113	32446.0	72556.5	33059.0	72396.5
Mo17	32591.5	72423.5	33103.0	72340.0
Mo17-chin	32591.5	72428.0	33118.0	72320.5
MO18W	32433.5	72546.5	32890.0	72588.0
Mo24W	32443.0	72547.5	32976.0	72491.5
MP	32559.0	72380.5	33168.5	72350.0
Ms71	32693.5	72241.5	33296.5	72226.5
mu4	32298.0	72682.5	32939.5	72538.0
mu6	32554.0	72433.5	33180.0	72290.5
N138	32640.0	72375.5	33129.0	72313.5
N192	32572.5	72373.5	33225.0	72287.0
N42	32495.5	72486.5	33173.5	72302.5
N6	32418.0	72651.5	32930.0	72458.5
N68a	32338.5	72617.5	33090.5	72411.5
nan21-3	32391.5	72636.0	32919.0	72511.5
NC268	32513.0	72423.5	33295.5	72226.0
NC350	32622.5	72295.5	33227.0	72313.0
NC358	32486.0	72477.5	33146.5	72348.0
ND246	32518.0	72460.0	33152.0	72328.0
ning24	32645.0	72323.5	33164.5	72325.0
ning37	32286.5	72698.5	32832.0	72641.0
ning45	32161.5	72809.5	32837.0	72650.0
ning55	32492.5	72421.5	33270.0	72274.0
niu2-1	32340.5	72651.0	32896.0	72570.5
NN14B	32094.0	72893.5	32693.5	72777.0
NQ508	32507.0	72472.0	33220.5	72258.5
NS501	32339.5	72623.5	32920.5	72574.5
NS701	32097.0	72889.0	32748.5	72723.5
oh07B	32377.0	72606.5	32963.5	72511.0
Oh40B	32367.0	72629.0	33007.0	72455.0
Oh43	32435.5	72520.0	32921.0	72581.5
OH7	32333.0	72640.5	32957.5	72527.0
Oh7B	32615.5	72372.5	33055.5	72414.5
OQ603	32498.0	72530.5	33099.0	72330.5
P007	32565.5	72393.5	33357.5	72141.5
P1	32631.0	72259.5	33152.0	72415.5
P136	32499.5	72450.5	33016.0	72492.0
P138	32481.5	72491.5	33089.0	72396.0
P167	32596.5	72363.0	33259.5	72239.0
P25	32634.5	72352.5	33246.0	72225.0
P39	32446.0	72567.0	32935.5	72509.5
P39-chin	32257.5	72711.5	32822.5	72666.5
Pa91	32495.0	72419.0	33083.5	72460.5
PB80	32115.5	72870.5	32750.0	72722.0
PH207	32334.5	72680.0	33145.5	72298.0
PHBA6	32293.0	72691.5	32856.0	72617.5
PHG24	32395.5	72684.0	32885.0	72493.5
PHG35	32460.5	72506.5	33166.5	72324.5
PHG39	32458.0	72514.5	33173.5	72312.0
PHG47	32337.5	72630.0	32838.5	72652.0
PHG50	32479.0	72509.5	33189.0	72280.5
PHG71	32049.5	72927.5	32718.0	72763.0
PHG72	32532.0	72468.0	33235.5	72222.5
PHG83	32444.0	72570.5	33125.5	72318.0
PHG84	32348.5	72622.5	32952.5	72534.5
PHG86	32405.0	72526.5	33059.0	72467.5
PHH93	32366.5	72670.5	33033.5	72387.5
PHJ31	32440.5	72508.5	33161.5	72347.5
PHJ33	32512.0	72469.5	33198.5	72278.0
PHJ40	32386.0	72598.0	32869.0	72605.0
PHJ70	32045.0	72912.5	32774.5	72726.0
PHJ75	32463.0	72533.5	33164.0	72297.5
PHK05	32417.0	72590.5	32989.5	72461.0
PHK24	32073.5	72921.5	32680.5	72782.5
PHK35	32465.0	72541.5	33114.0	72337.5
PHK42	32365.5	72595.5	33044.0	72453.0
PHK76	32405.5	72655.5	32948.0	72449.0
PHK93	32494.0	72437.0	33034.5	72492.5
PHM10	32530.5	72466.5	33276.5	72184.5
PHM44	32336.5	72664.0	33002.5	72455.0
PHM57	32363.0	72610.0	33019.0	72466.0
PHM81	32517.0	72424.0	33034.5	72482.5
PHN11	32568.5	72431.5	33154.0	72304.0
PHN29	32355.0	72636.5	32938.0	72528.5
PHN37	32629.0	72360.0	33052.0	72417.0
PHN47	32424.0	72599.0	33097.5	72337.5
PHN66	32045.5	72930.5	32696.5	72785.5
PHN73	32516.0	72419.0	33198.0	72325.0
PHN82	32539.5	72471.0	33261.0	72186.5
PHNV9	32098.0	72896.0	32710.5	72753.5
PHP02	32515.0	72455.0	33152.0	72336.0
PHP55	32554.5	72444.5	33274.0	72185.0
PHP60	32439.5	72524.0	32990.0	72504.5
PHP76	32451.5	72599.0	33058.5	72349.0
PHP85	32053.0	72943.5	32677.5	72784.0
PHPR5	32055.5	72944.5	32663.0	72795.0
PHR25	32396.0	72655.0	33071.0	72336.0
PHR30	32231.0	72722.5	32785.0	72719.5
PHR32	32438.5	72603.5	32905.0	72511.0
PHR36	32263.0	72700.5	32840.5	72654.0
PHR47	32467.5	72512.5	32956.0	72522.0
PHR55	32368.5	72635.5	32840.0	72614.0
PHR58	32561.0	72418.0	33067.5	72411.5
PHR62	32181.0	72792.0	32781.0	72704.0
PHR63	32444.0	72516.5	32952.0	72545.5
PHT10	32059.0	72923.5	32723.0	72752.5
PHT22	32462.5	72549.5	32980.0	72466.0
PHT55	32469.5	72523.0	33101.5	72364.0
PHT60	32314.0	72631.0	32989.0	72524.0
PHT69	32400.0	72545.0	33151.0	72362.0
PHT77	32389.0	72546.0	33091.0	72432.0
PHV37	32100.5	72892.0	32730.5	72735.0
PHV53	32419.0	72556.0	32928.0	72555.0
PHV78	32533.0	72468.0	33174.0	72283.0
PHW03	32301.0	72665.0	32917.0	72575.0
PHW17	32114.0	72877.5	32704.0	72762.5
PHW20	32529.5	72457.5	33084.5	72386.5
PHW30	32553.0	72464.5	33197.0	72243.5
PHW43	32532.5	72483.0	33168.0	72274.5
PHW51	32074.0	72929.5	32702.5	72752.0
PHW52	32077.5	72926.0	32708.5	72746.0
PHW79	32585.0	72434.0	33114.0	72325.0
PHWG5	32445.5	72534.5	32959.0	72519.0
PHZ51	32477.0	72546.5	32865.0	72569.5
PN2	32705.0	72283.0	33222.5	72247.5
PN2-8	32069.5	72958.0	32681.0	72749.5
Q1261	32614.5	72360.5	33236.5	72246.5
Q381	32506.5	72483.0	33259.5	72209.0
qi205	32451.0	72529.0	32953.5	72524.5
qi318	32686.5	72364.0	33177.5	72230.0
qi319	32857.5	72235.5	33239.0	72126.0
qi35	32526.5	72471.5	33129.0	72331.0
qi410	32150.5	72822.5	32784.0	72701.0
qiong51	32616.5	72406.0	33097.0	72338.5
R017	32746.5	72153.5	33324.5	72233.5
R08	32520.0	72442.5	33054.5	72441.0
R136	32646.0	72271.5	33248.5	72292.0
R150	32865.0	72179.0	33255.5	72158.5
R1656	32405.5	72525.0	33124.0	72403.5
R25	32661.5	72244.0	33283.0	72269.5
R31	32612.0	72293.5	33333.5	72219.0
R98	32586.0	72329.0	33271.5	72271.5
RIMMA0438.1	32462.5	72560.5	33003.5	72431.5
RS710	32433.5	72563.0	33054.0	72407.5
S001	32659.5	72245.5	33383.0	72170.0
S22	32376.5	72551.5	32961.5	72568.5
S311	32530.0	72391.0	33408.0	72129.0
S37	32546.5	72381.0	33225.5	72305.0
S53	32093.5	72868.5	32718.5	72777.5
S7913	32654.5	72266.5	33457.5	72079.5
S8324	32072.5	72914.0	32728.5	72743.0
S8326	32486.5	72497.5	33016.5	72457.5
SC11-1	32698.5	72223.0	33315.0	72221.5
SC14	32667.0	72361.0	33101.0	72329.0
SC-14	32765.5	72216.5	33300.0	72176.0
SC24-1	32737.5	72152.0	33435.0	72133.5
SC30-1	32487.5	72429.0	33174.0	72367.5
SC9	32425.5	72480.5	33222.0	72330.0
SC-9	32316.5	72610.0	33177.5	72354.0
Seagu1117	32592.5	72395.5	33095.0	72375.0
Sg1533	32755.5	72273.0	33179.0	72250.5
SG17	32576.5	72446.5	33119.5	72315.5
shan89	32598.0	72371.0	33185.5	72303.5
shangyin110-1	32440.0	72491.0	33051.5	72475.5
shen135	32947.5	72063.0	33337.0	72110.5
shen137	32852.5	72165.5	33279.0	72161.0
shen142	32398.5	72602.0	32905.0	72552.5
shen5005	32781.5	72156.5	33371.5	72148.5
shen977	32707.0	72373.5	33144.5	72233.0
shuang741	32649.0	72327.0	33258.5	72223.5
shuangM9B-1	32337.5	72612.0	32989.0	72519.5
shuangtaiwu	32617.0	72314.0	33263.0	72264.0
siyi	32454.5	72459.5	33180.0	72364.0
song1145	32408.5	72637.5	32887.5	72524.5
SS99	32583.5	72335.0	33337.0	72202.5
su75	32638.5	72293.5	33281.0	72245.0
suwan1611	32537.5	72383.0	33183.0	72354.5
SW153	32063.5	72949.0	32702.0	72743.5
SX-4-21	32356.5	72606.5	32985.0	72510.0
SX-6-7	32624.0	72300.0	33194.0	72340.0
SZ3	32906.0	72111.5	33252.0	72188.5
T24	32585.0	72401.5	33192.5	72279.0
tai184	32339.5	72659.5	32897.0	72562.0
tangsipingtou	32328.5	72626.0	32889.5	72614.0
TDD39103	32003.5	73001.5	32464.5	72988.5
tian77	32518.0	72514.5	33100.5	72325.0
tie7922	32242.0	72802.0	32768.5	72645.5
TIL01	32110.0	72818.5	32697.5	72832.0
TIL01-JD	32188.5	72773.5	32748.5	72747.5
TIL02	31785.0	73221.0	32455.0	72997.0
TIL03	32048.5	72929.0	32608.0	72872.5
TIL04-TIP285	31797.0	73162.5	32458.0	73040.5
TIL04-TIP454	31727.0	73255.5	32271.5	73204.0
TIL05	31934.0	73103.5	32368.5	73052.0
TIL06-TIP260	31474.5	73461.0	32023.5	73499.0
TIL06-TIP496	31510.0	73457.5	32040.5	73450.0
TIL07	31962.5	73003.5	32452.0	73040.0
TIL08	31765.0	73279.5	32167.5	73246.0
TIL09	32090.0	72897.5	32661.5	72809.0
TIL10	32224.5	72785.0	32727.0	72721.5
TIL11	31990.5	73042.5	32642.0	72783.0
TIL12	31887.5	73088.5	32307.5	73174.5
TIL14-TIP498	32032.0	72917.5	32671.5	72837.0
TIL15	31908.5	73078.0	32292.0	73179.5
TIL16	32003.0	72982.5	32506.0	72966.5
TIL17	31816.0	73117.5	32442.0	73082.5
TIL25-TIP489	31630.0	73343.0	32111.5	73373.5
Timpunia-1	32542.0	72458.5	32999.0	72458.5
Tx303	32480.0	72458.0	33064.5	72455.5
Tx601	32581.0	72297.0	33259.0	72321.0
Tzi8	32489.5	72573.0	33086.5	72309.0
Va26	32262.5	72693.0	32824.5	72678.0
Va35	32404.5	72593.5	32887.0	72573.0
VG85-5	32562.0	72381.0	33210.5	72304.5
VL0512447	32608.0	72337.0	33149.0	72364.0
VL05128	32567.0	72349.0	33144.5	72397.5
VL054178	32588.5	72383.0	33153.0	72333.5
VL05610	32610.0	72343.0	33075.5	72429.5
VL056883	32459.5	72460.5	33238.5	72299.5
VL062784	32591.5	72298.0	33249.0	72319.5
W117	32093.0	72889.0	32772.0	72704.0
W153R	32570.0	72398.0	33146.5	72343.5
W172	32085.5	72905.0	32734.0	72733.5
W182bn	32353.5	72612.0	32846.5	72646.0
W22	32616.0	72313.0	33201.5	72327.5
W222	32583.5	72337.5	33293.5	72243.5
W23	32379.0	72626.0	33026.0	72427.0
W238	32320.5	72630.0	32856.0	72651.5
W2H03	32687.0	72308.0	33212.0	72251.0
W344	32705.5	72247.5	33422.0	72083.0
W499	32465.5	72490.0	33059.0	72443.5
W64a	32402.5	72564.0	32926.5	72565.0
W64A	32477.5	72517.0	32985.5	72478.0
W668	32087.0	72913.5	32682.5	72775.0
W8304	32214.0	72766.0	32849.0	72629.0
W8555	32097.5	72902.5	32727.5	72730.5
W966	32501.5	72450.0	33201.5	72305.0
W967	32563.0	72322.0	33315.5	72257.5
W968	32664.5	72300.5	33176.5	72316.5
W969	32598.0	72291.5	33316.0	72252.5
W9706	32698.5	72250.5	33251.0	72258.0
wei3322	32342.5	72644.5	32992.5	72478.5
wenhuang31413	32622.0	72313.5	33309.5	72213.0
WIL500	32071.0	72921.0	32690.0	72776.0
WIL900	32584.0	72416.5	33095.0	72362.5
WIL901	32461.0	72522.5	32900.0	72574.5
WIL903	32512.5	72480.5	33013.5	72451.5
WN11H	32611.5	72320.0	33439.5	72087.0
wu109	32680.5	72295.0	33168.5	72314.0
wu125	32542.0	72436.0	33142.0	72338.0
wu126	32616.5	72274.0	33347.0	72220.5
wu312	32769.0	72205.0	33258.5	72225.5
X314	32359.5	72618.5	33025.5	72454.5
XF117	32371.0	72636.5	33070.0	72380.5
XF134	32718.5	72201.0	33293.0	72245.5
XF197	32501.0	72478.0	33131.0	72348.0
XF223	32599.5	72411.0	33129.0	72318.5
XF27	32416.0	72572.5	33083.0	72386.5
XF77	32413.5	72561.0	33032.5	72451.0
xi502	32763.5	72200.5	33415.5	72078.5
xiangai3	32313.0	72701.0	32856.5	72587.5
xing230	32324.0	72679.5	32907.0	72547.5
xingK36	32567.5	72416.0	33161.0	72313.5
xinlun5-9	32326.0	72640.0	32945.0	72547.0
XOP2	32489.5	72475.0	33231.5	72262.0
xuan6	32346.0	72648.5	32916.5	72547.0
xun92-6	32686.5	72278.5	33205.0	72288.0
xun92-8	32621.0	72301.5	33197.0	72338.5
xun971	32285.5	72659.0	33083.5	72430.0
XZ19	32660.5	72279.5	33424.5	72093.5
Y223	32606.0	72370.0	33102.0	72380.0
y9961	32450.0	72482.0	33036.5	72489.5
yan103	32562.5	72394.5	33229.0	72272.0
yan156	32634.0	72347.5	33163.0	72313.5
yan172	32435.5	72530.5	32965.0	72527.0
yan38	32659.5	72324.0	33130.5	72344.0
yan812	32170.0	72802.5	32795.0	72690.5
Yd6	32519.0	72435.0	33315.0	72189.0
ye107	32662.0	72299.5	33165.0	72331.5
ye488	32232.0	72779.0	32815.0	72632.0
ye515	32497.5	72441.0	33260.5	72259.0
ye52106	32415.0	72589.0	32793.5	72660.5
ye5237	32412.5	72634.5	32911.0	72500.0
ye8001	32569.5	72398.5	33244.0	72246.0
ye8112	32127.5	72867.0	32726.5	72737.0
ye832	32500.5	72501.5	33052.5	72403.5
yi12	32261.5	72742.5	32872.5	72581.5
yi36	32384.0	72532.5	33144.5	72397.0
yi49	32393.5	72539.0	33125.5	72400.0
yi67	32415.5	72512.5	33044.5	72485.5
ys06	32529.0	72479.0	33250.0	72200.0
yu374	32391.5	72670.0	32878.5	72518.0
yu537A	32589.5	72385.0	32983.5	72500.0
yu82	32571.5	72381.0	33269.0	72236.5
yu87-1	32879.0	72043.5	33328.5	72207.0
yuanwu02	32589.5	72410.0	33094.5	72364.0
yuanwu05	32671.5	72332.0	33232.5	72222.0
yue39-4	32381.0	72681.0	32868.0	72528.0
yue89A12-1	32483.0	72456.0	33276.5	72242.5
yue89E4-2	32706.0	72297.0	33246.0	72209.0
yun147	32507.0	72473.0	32987.5	72490.5
Z31B	32489.0	72434.0	33177.0	72358.0
zaC546	32556.0	72474.0	33109.5	72318.5
zhangjin6	32180.5	72777.0	32806.5	72694.0
zhangxi28	32365.5	72581.0	32984.0	72527.5
zhen367	32382.0	72589.5	33045.0	72441.5
zheng22	32383.0	72625.0	32909.5	72540.5
zheng32	32096.5	72897.0	32735.0	72729.5
zheng653	32560.5	72443.5	33179.0	72275.0
zhengbai11	32397.5	72563.5	33038.5	72458.5
zhong128	32536.5	72424.5	33127.0	72370.0
zhong451	32527.0	72457.0	33097.5	72376.5
zhonger02	32251.5	72734.0	32879.0	72593.5
zhonghuang64	32493.0	72530.5	32976.0	72458.5
zhongxi042	32329.0	72688.5	32789.5	72651.0
zhongyin10	32278.0	72717.0	32949.0	72514.0
zhongyin15	32670.5	72328.5	33327.0	72132.0
zi330	32465.5	72575.0	33059.0	72358.5
ziduosui	32556.0	72425.5	33011.5	72465.0
ziyu3	32624.0	72386.0	33072.0	72376.0
zong3	32665.0	72255.0	33389.0	72149.0
zong31	32558.5	72358.5	33478.5	72062.5
zong548-1521	32526.0	72488.0	32981.0	72463.0
ZPON7	32128.5	72862.5	32722.5	72744.5
ZS01250	32210.0	72826.0	32723.5	72698.5
zun90110	32527.5	72448.5	33149.0	72333.0
MAIdgiRAADIAAPEI-1	32527.0	72442.5	33154.5	72334.0
MAIdgiRABDIAAPEI-2	32644.0	72320.5	33108.0	72385.5
MAIdgiRACDIAAPEI-3	32517.0	72406.5	33113.0	72421.5
MAIdgiRAEDIAAPEI-4	32566.0	72334.0	33145.0	72413.0
MAIdgiRAGDIAAPEI-5	32712.5	72191.5	33344.5	72209.5
MAIdgiRAIDIAAPEI-6	32650.0	72250.0	33197.5	72360.5
MAIdgiRAKDIAAPEI-9	32625.0	72309.0	33215.0	72309.0
MAIdgiRAMDIAAPEI-10	32670.5	72343.5	33076.0	72368.0
MAIdgiRAODIAAPEI-11	32488.0	72452.5	33065.0	72452.5
MAIdgiRAPDIAAPEI-12	32463.5	72457.0	33249.5	72288.0
MAIdgiRARDIAAPEI-1	32634.5	72243.0	33261.5	72319.0
MAIdgiRASDIAAPEI-2	32593.5	72386.0	33200.0	72278.5
MAIdgiRAVDIAAPEI-4	32517.5	72411.5	33049.0	72480.0
MAIdgiRAWDIAAPEI-5	32531.0	72396.5	33309.5	72221.0
MAIdgiRAXDIAAPEI-6	32746.0	72215.0	33241.5	72255.5
MAIdgiRAYDIAAPEI-7	32610.0	72337.5	33134.0	72376.5
MAIdgiRCCDIAAPEI-10	32516.0	72451.5	33077.5	72413.0
MAIdgiRCIDIAAPEI-7	32138.5	72852.0	32701.5	72766.0
MAIdgiRCKDIAAPEI-9	32577.0	72372.0	33198.5	72310.5
ZEAhwcRAXDIAAPE	31656.5	73298.5	32147.0	73356.0
ZEAxppRADDIAAPEI-4	32556.0	72416.5	33184.0	72301.5
ZEAxppRADDIAAPEI-7	32438.0	72526.5	33032.5	72461.0
ZEAxppRAFDIAAPEI-1	32228.5	72714.5	32924.0	72591.0
ZEAxppRAFDIAAPEI-5	32343.5	72602.0	33042.0	72470.5
ZEAxppRAHDIAAPEI-6	32559.0	72399.0	33169.0	72331.0
ZEAxppRAJDIAAPEI-7	32578.5	72368.0	33186.0	72325.5
ZEAxppRALDIAAPEI-9	32571.5	72335.0	33318.0	72233.5
ZEAxppRANDIAAPEI-10	32581.0	72529.0	33088.0	72260.0
ZEAxppRAQDIAAPEI-11	32653.0	72279.5	33198.5	72327.0
ZEAxppRATDIAAPEI-12	32759.0	72195.5	33357.0	72146.5
ZEAxppRAUDIAAPEI-1	32610.0	72451.5	33096.0	72300.5
ZEAxppRAZDIAAPEI-7	32505.5	72396.5	33103.5	72452.5
ZEAxppRBCDIAAPEI-2	32568.0	72426.0	33350.5	72113.5
ZEAxppRBFDIAAPEI-3	32071.0	72915.0	32747.0	72725.0
ZEAxppRBHDIAAPEI-1	32083.0	72901.0	32729.0	72745.0
ZEAxppRBHDIAAPEI-5	32066.5	72909.5	32735.0	72747.0
ZEAxppRBLDIAAPEI-2	32110.5	72882.5	32737.5	72727.5
ZEAxppRBMDIAAPEI-6	32323.5	72715.5	32899.5	72519.5
ZEAxppRBRDIAAPEI-3	32094.5	72904.5	32718.5	72740.5
ZEAxppRBSDIAAPEI-4	32128.0	72835.5	32751.0	72743.5
ZEAxppRBUDIAAPEI-5	32113.0	72877.0	32759.5	72708.5
ZEAxppRBXDIAAPEI-1	32597.5	72333.5	33066.5	72460.5
ZEAxppRBYDIAAPEI-2	32491.5	72518.0	32961.0	72487.5
ZEAxppRCBDIAAPEI-3	32542.0	72413.5	33214.0	72288.5
ZEAxppRCDDIAAPEI-12	32625.0	72422.0	33252.5	72158.5
ZEAxppRCFDIAAPEI-4	32480.0	72379.5	33159.0	72439.5
ZEAxppRCGDIAAPEI-5	32673.5	72208.5	33313.0	72263.0
ZEAxppRCHDIAAPEI-6	32489.0	72557.5	33006.0	72405.5
ZEAxppRCJDIAAPEI-7	32475.5	72473.5	33108.0	72401.0
ZEAxppRCODIAAPEI-9	32633.5	72384.5	33147.5	72292.5
ZEAxppRCPDIAAPEI-10	32080.5	72904.0	32752.5	72721.0
ZEAxppRCQDIAAPEI-11	32591.0	72418.5	33328.5	72120.0
ZEAxppRCUDIAAPEI-1	32553.0	72364.5	33186.0	72354.5
ZEAxppRCVDIAAPEI-2	32634.5	72392.5	33167.5	72263.5
ZEAxppRCWDIAAPEI-3	32651.5	72320.5	33279.0	72207.0
ZEAxppRCXDIAAPEI-4	32704.5	72331.5	33294.5	72127.5
ZEAxppRCYDIAAPEI-5	32700.0	72295.5	33235.5	72227.0
ZEAxppRDCDIAAPEI-2	32431.5	72552.0	33033.0	72441.5
ZEAxppRDCDIAAPEI-7	32662.0	72300.0	33176.5	72319.5
ZEAxppRDGDIAAPEI-11	32823.0	72167.5	33383.5	72084.0
ZEAxppRDHDIAAPEI-12	32865.0	72170.0	33360.0	72063.0
ZEAxppRDIDIAAPEI-1	32646.5	72273.5	33363.5	72174.5
ZEAxppRDLDIAAPEI-2	31825.0	73179.5	32345.0	73108.5
ZEAxppRDQDIAAPEI-3	33038.0	72042.5	33313.5	72064.0
ZEAxujRADDIBAPE	32388.5	72631.5	32820.0	72618.0
ZEAxujRAGDIBAPE	32748.0	72179.0	33365.0	72166.0
ZEAxujRAHDIBAPE	32631.5	72376.5	33157.5	72292.5
ZEAxujRAJDIBAPE	33002.0	72076.5	33354.0	72025.5
ZEAxujRAKDIBAPE	32753.0	72218.5	33422.5	72064.0
ZEAxujRALDIBAPE	32046.5	72949.0	32689.5	72773.0
ZEAxujRAMDIBAPE	32567.5	72488.0	33085.5	72317.0
ZEAxujRANDIBAPE	32756.5	72179.5	33598.5	71923.5
ZEAxujRAODIBAPE	32779.0	72177.0	33427.5	72074.5
ZEAxujRAPDIAAPE	32534.5	72428.0	33017.0	72478.5
ZEAxujRAQDIAAPE	32646.5	72351.5	33190.5	72269.5
ZEAxujRARDIAAPE	32647.5	72266.0	33289.5	72255.0
ZEAxujRASDIAAPE	32683.5	72304.0	33295.0	72175.5
ZEAxujRATDIAAPE	32598.5	72299.5	33321.0	72239.0
ZEAxujRAUDIAAPE	33007.5	72043.0	33355.5	72052.0
ZEAxujRAVDIAAPE	33026.0	72034.5	33337.0	72060.5
ZEAxujRAWDIAAPE	32452.0	72584.5	32944.5	72477.0
ZEAxujRAXDIAAPE	32509.0	72437.5	33161.5	72350.0
ZEAxujRAYDIAAPE	32712.5	72225.0	33366.5	72154.0
ZEAxujRAZDIAAPE	32712.0	72323.5	33172.5	72250.0
ZEAxujRBADIAAPE	32810.5	72072.5	33481.5	72093.5
ZEAxujRBBDIAAPE	32751.0	72151.5	33553.0	72002.5
ZEAxujRBCDIBAPE	32947.0	72125.5	33272.0	72113.5
ZEAxujRBDDIBAPE	32715.0	72277.5	33351.0	72114.5
ZEAxujRBFDIBAPE	32639.0	72379.5	33079.5	72360.0
