Sample	A	G	T	C
030-1	182191.0	306521.0	183856.5	305169.5
08-64	181934.0	306782.5	183779.0	305242.5
1101	181464.5	307414.0	182963.0	305896.5
1121	182271.0	306682.5	183709.0	305075.5
1127	181834.0	307043.5	183424.0	305436.5
11430	181503.0	307153.0	183078.0	306004.0
1145	183195.5	305660.5	184496.0	304386.0
1205A	181262.0	307474.5	182736.0	306265.5
1313	181825.5	306868.0	183517.0	305527.5
140	179451.5	309132.5	180875.5	308278.5
150-4	183730.0	305028.0	185162.5	303817.5
1538	182224.5	306468.5	183899.5	305145.5
1610	181055.0	307655.5	182601.0	306426.5
1614	181662.0	306990.0	183084.5	306001.5
17564	181896.5	306736.0	183738.5	305367.0
18	180988.0	307711.0	182375.5	306663.5
18-599	181882.0	306814.5	182862.0	306179.5
196	182906.5	305998.0	184238.0	304595.5
200-24-13413	181347.5	307537.0	182400.5	306453.0
2005	182049.0	306734.0	183394.0	305561.0
2005-4	181154.0	307459.0	182766.0	306359.0
200B	182271.0	306439.5	183916.0	305111.5
20564	181688.5	307109.0	183128.0	305812.5
207	182362.5	306443.0	183315.5	305617.0
20762	181147.5	307633.0	182543.0	306414.5
20837	180932.0	308118.5	182362.5	306325.0
2369	179828.0	308948.0	181334.5	307627.5
29MIBZ2	182518.5	306380.0	183798.5	305041.0
2FACC	180515.5	308384.0	182133.0	306705.5
2MA22	180900.5	307818.5	182249.5	306769.5
3189	181398.0	307479.0	182620.0	306241.0
32	181029.0	307674.5	182421.5	306613.0
3335	180979.5	307860.0	182524.0	306374.5
3489a	182918.5	305884.0	184512.0	304423.5
3514	180558.5	308312.0	181635.0	307232.5
3H2	181702.5	307121.0	183037.5	305877.0
3IBZ2	180877.5	307888.0	182132.5	306840.0
4003	183076.0	305643.0	184397.5	304621.5
411	180132.0	308823.0	181615.5	307167.5
433-7	180956.5	307880.5	182424.5	306476.5
441950	181733.0	307046.0	183283.5	305675.5
444	181320.5	307355.5	183109.5	305952.5
4676A	181400.5	307301.5	182598.5	306437.5
468-3	180257.5	308524.5	181549.5	307406.5
4722	180435.5	308368.5	181496.0	307438.0
4936	182165.5	306417.5	183764.5	305390.5
4F1	182883.0	306092.5	184191.0	304571.5
4N506	180176.0	308634.0	181506.0	307422.0
5023	182829.5	305768.0	184134.0	305006.5
5032	182038.0	306612.5	183348.5	305739.0
5707	181163.0	307748.0	182430.5	306396.5
6	182060.5	306795.5	183268.0	305614.0
6103	180791.0	307933.0	182189.0	306825.0
619	182241.0	306416.5	183927.5	305153.0
624	182158.0	306794.0	183612.5	305173.5
680	181492.5	307529.0	182878.5	305838.0
68122	183135.0	305559.5	184260.0	304783.5
68139	182306.0	306635.5	183235.5	305561.0
68202	181596.5	307161.5	182921.0	306059.0
697	180506.5	308186.0	182034.0	307011.5
698-3	181074.0	307296.0	183028.5	306339.5
6M502	182242.5	306615.5	183269.0	305611.0
7026B	182377.5	306370.0	184121.5	304869.0
707	179682.0	309185.0	180906.5	307964.5
7146	180663.5	308033.0	182484.5	306557.0
72-125	182887.0	305902.0	184342.0	304607.0
7236	181475.0	307053.0	183419.5	305790.5
7327	181401.0	307580.5	182467.0	306289.5
740	181387.0	307508.0	182787.0	306056.0
743	179517.5	309275.5	181263.0	307682.0
75-14gao	181087.5	307704.0	182614.0	306332.5
75-24	180334.0	308420.5	182188.5	306795.0
75-364	181618.0	307064.5	183169.0	305886.5
757	181726.0	307249.5	182952.0	305810.5
764	179675.0	309025.0	181551.5	307486.5
77	179805.0	308991.0	181350.5	307591.5
779	179971.5	308705.0	181412.5	307649.0
78002A	179758.5	309081.0	181199.0	307699.5
78004	180108.5	308690.5	181626.0	307313.0
78010	180154.0	308629.0	181830.0	307125.0
78371A	183204.5	305674.0	184391.5	304468.0
785	181461.0	307387.5	182801.0	306088.5
78551S	182957.0	305849.0	184315.5	304616.5
78599	182768.0	305974.0	184008.5	304987.5
787	180949.0	307920.0	182208.5	306660.5
7884	180529.0	308271.5	182019.5	306918.0
790	179651.0	309085.5	181438.5	307563.0
79028	181551.5	307136.5	183130.5	305919.5
7903E	180713.5	307923.5	182580.0	306521.0
79131	181079.0	307610.0	182755.5	306293.5
792	179858.0	308912.5	181496.5	307471.0
794	179593.0	309206.5	181295.0	307643.5
795	180030.0	308692.5	181723.5	307292.0
802	182049.0	306601.0	183554.0	305534.0
806A	181191.5	307611.5	182633.0	306302.0
807	181490.5	307195.0	182985.0	306067.5
807D	181067.0	307790.0	182352.0	306529.0
811A	180700.5	308015.0	182055.5	306967.0
82huangzao4	180875.5	308151.5	182020.0	306691.0
832	180585.5	308148.0	182196.0	306808.5
83IBI3	181831.0	307025.0	183027.0	305855.0
84-126-15-1	182239.5	306677.5	183761.5	305059.5
85bai64	181216.5	307521.5	182863.5	306136.5
87001	182159.0	306527.5	183670.5	305381.0
8701	181104.5	307563.5	183003.5	306066.5
87916W	179778.5	308927.0	181577.5	307455.0
897	183029.0	305825.0	184272.5	304611.5
8982	182447.5	306232.5	183701.0	305357.0
9058	182416.0	306260.0	183780.0	305282.0
9101-7	180246.0	308434.0	181868.0	307190.0
91huang10	181189.0	307641.5	182936.0	305971.5
91huang15	180758.5	308065.5	182134.0	306780.0
91huang5	181770.5	307016.0	182847.0	306104.5
926	182149.5	306799.0	183788.0	305001.5
928	182114.5	306821.0	183561.5	305241.0
92huang40	181518.5	307535.0	182796.5	305888.0
953	181311.5	307338.0	182725.0	306363.5
96201	182252.0	306586.5	183753.0	305146.5
9702	182597.5	306276.5	183463.5	305400.5
9706	183060.0	305704.5	184484.0	304489.5
9710	181578.5	307253.5	183082.5	305823.5
98F1	179679.0	309250.5	181000.0	307808.5
99122	181661.0	307101.0	183172.5	305803.5
A272	178749.0	310091.0	180161.5	308736.5
A554	180996.5	307750.5	182713.0	306278.0
A619	181288.5	307554.0	182451.5	306444.0
A632	181516.0	307148.5	182896.5	306177.0
A679	179381.5	309387.0	181105.0	307864.5
A801	181544.0	307155.0	183024.5	306014.5
Ay3566	180910.5	307853.0	182293.0	306681.5
Ay420	182225.5	306462.0	183717.5	305333.0
B09	180330.0	308336.0	181853.5	307218.5
B100	180670.0	308036.0	181914.5	307117.5
B102	181979.5	306597.5	183090.0	306071.0
B12	182112.0	306508.5	183467.5	305650.0
B14	180336.5	308421.5	182041.5	306938.5
B37	181809.0	306822.5	183721.5	305385.0
B394	181059.5	307512.5	182732.0	306434.0
B4	180648.5	308234.0	181773.5	307082.0
B47	180863.0	308033.5	182414.0	306427.5
B68	179894.5	308882.5	181374.5	307586.5
B7	180180.0	308711.5	181582.0	307264.5
B73	179063.5	309749.0	180764.5	308161.0
B76	181924.5	306846.5	183737.5	305229.5
B8	180500.5	308173.0	182072.0	306992.5
B95	181545.5	307492.0	182594.0	306106.5
B97	181278.0	307590.0	182320.5	306549.5
B98	181406.0	307405.0	182155.0	306772.0
bai197	182162.5	306858.5	183722.0	304995.0
baihe43	181126.5	307558.0	182765.5	306288.0
baiU8112	180780.5	308318.0	181915.5	306724.0
bao3040	181005.5	307819.5	182648.5	306264.5
BC4B	180839.5	307849.0	182320.5	306729.0
BCC03	182559.0	306266.0	183856.5	305056.5
Beck	180368.5	308661.5	181833.0	306875.0
ben7884	180555.5	308294.5	181759.0	307129.0
BKN009	178827.0	309843.5	180061.0	309006.5
BKN010	181243.0	307707.0	181999.5	306788.5
BKN011	178336.5	310411.0	179703.5	309287.0
BKN014	178509.5	310136.5	179917.5	309174.5
BKN015	179578.5	309320.5	180349.0	308490.0
BKN016	179947.5	308837.5	181096.5	307856.5
BKN017	177403.5	311494.5	178424.5	310415.5
BKN018	181216.0	307327.5	182733.0	306461.5
BKN019	179562.5	309341.5	180410.5	308423.5
BKN020	180273.5	308408.0	181765.0	307291.5
BKN022	178379.0	310428.0	179778.5	309152.5
BKN023	179048.0	309844.5	180691.0	308154.5
BKN025	179629.5	309154.0	181280.5	307674.0
BKN026	178252.0	310560.5	179573.0	309352.5
BKN027	180553.0	308106.5	181630.0	307448.5
BKN029	178240.0	310450.0	179450.5	309597.5
BKN030	178775.5	309854.0	179977.5	309131.0
BKN031	179596.0	309188.0	180887.0	308067.0
BKN032	179875.0	308964.0	181063.0	307836.0
BKN033	178087.0	310653.0	179029.0	309969.0
BKN034	179798.0	308843.0	181612.0	307485.0
BKN035	177714.0	310963.5	178849.5	310211.0
BKN040	181093.5	307726.0	182552.5	306366.0
BM	181696.5	307134.5	182901.0	306006.0
BS110	179858.0	308912.5	181496.5	307471.0
BT1	182451.5	306166.5	183927.0	305193.0
C103	182925.0	306137.5	184043.5	304632.0
C13	179359.0	309503.0	180289.5	308586.5
C166	182457.0	306446.0	183964.0	304871.0
C521	182589.5	306332.5	183905.5	304910.5
C8605-2	182481.5	306310.0	183911.5	305035.0
cai11-8	180251.5	308661.0	181770.5	307055.0
CAU178	183159.5	305811.0	184262.0	304505.5
CAU478	181748.5	307069.0	182837.0	306083.5
CAU5003	182610.5	305991.0	184110.0	305026.5
CAUCHANG72	182828.0	306081.5	184418.5	304410.0
CAUMo17	183681.0	305224.0	185084.5	303748.5
CAUZHENG58	182378.0	306426.5	183949.0	304984.5
chang3	180837.5	308142.0	182112.0	306646.5
chang69	182435.5	306475.0	182983.5	305844.0
chang72	179448.0	309298.5	181238.5	307753.0
chang7daxian1	180460.0	308251.0	181988.0	307039.0
changD	182940.5	305729.0	184517.5	304551.0
changK	183246.0	305566.5	184304.0	304621.5
chaoxianbai	181371.5	307372.5	182660.0	306334.0
chen322	182013.0	306836.0	183687.5	305201.5
cheng18	182092.0	306653.0	183278.5	305714.5
cheng435	180635.5	308152.5	181701.5	307248.5
cheng698-3	181287.0	307256.5	183075.5	306119.0
chengzi108	180874.0	307802.5	182680.0	306381.5
chengzi2142	182071.5	306537.0	184045.5	305084.0
chi545	181114.5	307745.0	182509.5	306369.0
chihuang14	181213.5	307565.0	182775.0	306184.5
chihuang32	180932.5	307985.0	182005.5	306815.0
chong72	181595.5	307285.0	182913.0	305944.5
CM105	181130.0	307598.5	182628.0	306381.5
CML103	180247.5	308615.0	181227.0	307648.5
CML103-run248	180232.5	308604.0	181299.0	307602.5
CML125-2pianma	179694.0	308959.5	181265.5	307819.0
CML133	180013.0	308546.0	181465.0	307714.0
CML192	180618.5	307948.0	181869.0	307302.5
CML202	180464.5	308281.5	181484.5	307507.5
CML206	179892.0	308923.5	181407.0	307515.5
CML228	180125.0	308466.5	181688.0	307458.5
CML247	179403.5	309382.5	180835.5	308116.5
CML277	179451.5	309417.0	180533.0	308336.5
CML312SR	179865.5	308982.0	180851.0	308039.5
CML322	179624.0	308799.0	181411.0	307904.0
CML330	179887.5	308863.0	181416.0	307571.5
CML333	179687.5	308980.0	181062.0	308008.5
CML341	180384.0	308318.0	181446.0	307590.0
CML411	179846.0	308855.5	181502.5	307534.0
CML418	179803.0	308968.0	181604.0	307363.0
CML479	180126.5	308481.5	181485.5	307644.5
CML504	180058.0	308907.5	181465.5	307307.0
CML505	180747.0	308190.5	182006.5	306794.0
CML511	180602.0	308229.0	181551.0	307356.0
CML52	179584.5	309245.5	180989.0	307919.0
CML58	182796.0	306143.5	184282.0	304516.5
CML69	179596.5	309038.5	180705.5	308397.5
CML84	180354.5	308495.5	181494.5	307393.5
CML85	179845.0	308940.5	181436.0	307516.5
CML96	179746.5	308990.5	181475.5	307525.5
CML99	180034.5	308588.5	181801.0	307314.0
CN104	181145.5	307663.0	182425.0	306504.5
CN165	180776.5	308091.5	182050.0	306820.0
Co109	179972.5	308887.0	181404.5	307474.0
CR14	179892.5	308940.0	181648.0	307257.5
CR1HT	181753.5	307067.5	182812.0	306105.0
CT109	182423.0	306461.0	183397.5	305456.5
CT52C	182282.5	306504.5	183870.0	305081.0
Cwu215B	180872.5	307718.5	181651.5	307495.5
D1049	181863.5	306921.0	183061.5	305892.0
D1051	181731.5	306941.5	183118.5	305946.5
D1139	182423.0	306416.5	184057.5	304841.0
d140	182337.5	306483.0	183735.0	305182.5
D15	180987.0	307877.5	182107.0	306766.5
D20	182823.5	306102.0	183619.0	305193.5
D23	182110.5	306469.5	183697.5	305460.5
D33A	182361.0	306419.0	183790.5	305167.5
D340	181814.0	307063.5	183024.5	305836.0
D619	181948.5	306951.5	183458.0	305380.0
D729	180964.0	307884.0	182335.0	306555.0
D801	182110.5	306577.5	183864.0	305186.0
D854	180924.5	307681.5	182899.0	306233.0
D856	182473.0	306247.0	183635.5	305382.5
D857	181799.0	307019.0	183318.0	305602.0
D864	181121.5	307731.0	183072.0	305813.5
D869	181633.5	307095.5	183266.0	305743.0
D88	181559.5	307277.0	182732.0	306169.5
D881	180963.5	307680.5	182241.0	306853.0
D883	179995.5	308729.0	181919.0	307094.5
D886	181585.5	307316.5	182700.5	306135.5
D892	181140.0	307721.5	182110.5	306766.0
D978	181017.0	307666.0	182247.5	306807.5
da255	180639.5	308236.5	181674.5	307187.5
dai6	181413.5	307296.5	182999.0	306029.0
daMO	181683.5	306951.5	182995.0	306108.0
dan3115	181810.5	306823.0	183082.5	306022.0
dan340	182981.5	305835.5	184297.5	304623.5
dan598	181423.0	307405.5	182693.0	306216.5
dan599	182444.0	306336.5	183855.0	305102.5
dan9046	182902.0	305661.5	184147.0	305027.5
dan9064	183080.0	305637.5	184422.5	304598.0
danhuang02	183672.0	304985.5	185290.0	303790.5
daqing133	180363.5	308496.5	181876.5	307001.5
De811	180094.5	308598.5	181648.5	307396.5
DF20	179699.0	309208.5	181468.0	307362.5
DF24	179862.0	308934.5	181339.0	307602.5
DF27	182584.5	306217.0	184108.0	304828.5
DF32	181241.0	307515.5	182486.0	306495.5
DH138	181699.0	307051.0	183209.0	305779.0
DH149	180657.0	308109.5	182211.5	306760.0
DH40	181963.5	306655.0	183689.5	305430.0
DH65232	182354.5	306284.5	183830.5	305268.5
DH65232-DH9	180888.0	307875.0	182392.5	306582.5
DJ7	179240.5	309630.5	180866.5	308000.5
DM07	181852.5	307067.5	183116.0	305702.0
DM101B	183154.0	305723.0	184390.0	304471.0
dong327	180682.5	308121.5	181865.5	307068.5
dupl-178	183160.0	305812.5	184259.5	304506.0
dupl-478	181698.0	307092.5	182911.5	306036.0
dupl-5003	182422.0	306189.0	183869.5	305257.5
dupl-Zheng58	182550.0	306215.5	184011.5	304961.0
duzi	180573.0	308118.5	182226.0	306820.5
E200	182216.5	306658.0	183556.5	305307.0
e220	181469.5	307421.0	183099.5	305748.0
E28	180512.5	308431.0	181647.5	307147.0
E588	182088.0	306798.0	183430.0	305422.0
E600	181437.5	307331.0	182931.0	306038.5
E601	180691.0	307841.5	182507.5	306698.0
E8501	181822.0	306763.5	183511.0	305641.5
equn3	182161.5	306701.5	183723.0	305152.0
equn4	181377.0	307420.5	182476.0	306464.5
ernan24	181940.0	306784.0	183735.0	305279.0
ES40	181439.0	307282.5	182762.0	306254.5
F42	179289.0	309557.5	180925.0	307966.5
F7	179360.5	309562.0	180390.5	308425.0
F7584	182167.0	306655.0	183321.5	305594.5
F939	182789.5	305997.5	184342.0	304609.0
fangyin	183057.5	305867.0	184067.5	304746.0
fanrong2	180880.0	307769.5	181907.0	307181.5
FAP1360A	181451.5	307515.5	182651.0	306120.0
FAPW	180695.5	307975.0	182271.5	306796.0
FBHJ	180314.5	308368.0	181796.0	307259.5
FC-13	182050.0	306859.5	183071.5	305757.0
Feb-48	181717.5	306909.0	183159.5	305952.0
fengke1	180384.0	308455.5	181793.5	307105.0
FR14	181164.5	307649.5	182375.0	306549.0
fu8521	181752.0	307105.0	183000.5	305880.5
fu8527	180963.5	307947.5	181834.5	306992.5
fu8529	180733.5	308109.5	182136.0	306759.0
fu8538	181574.0	307145.0	183054.5	305964.5
fu8701	181095.5	307930.5	182146.0	306566.0
fu96	180475.5	308349.5	181747.0	307166.0
fusheA	179859.5	308903.0	181407.0	307568.5
gan41	181384.5	307353.5	182967.0	306033.0
GN4095	182924.0	305670.0	184226.5	304917.5
guan17-1	181548.0	307304.0	182764.5	306121.5
guangyou5	180676.0	308119.0	182073.5	306869.5
GY3	181937.0	306890.5	183447.0	305463.5
H105W	180614.0	308145.5	182555.0	306423.5
H114	181499.5	307295.5	182976.5	305966.5
H127	181736.5	306871.5	183165.5	305964.5
H16	180148.0	308792.5	181368.5	307429.0
H2	180711.5	308180.5	182005.0	306841.0
H21	182779.0	306203.5	184107.5	304648.0
H66-6	181690.0	306897.5	183315.0	305835.5
H84	180785.0	307945.5	182168.5	306839.0
H8431	179905.0	308715.0	181639.0	307479.0
H99	179255.5	309586.0	180480.5	308416.0
hai014	180815.0	308132.0	182047.0	306744.0
hai1134	183335.5	305349.0	185090.5	303963.0
hai9-21	181384.0	307408.0	182537.0	306409.0
han21	181522.0	307446.0	182663.5	306106.5
han49	180845.5	307931.0	182299.5	306662.0
HB8229	180763.5	308121.5	181987.0	306866.0
HBAI	180979.0	307925.0	182387.0	306447.0
HD568	181782.5	307142.5	183117.5	305695.5
Hda-5	180175.5	308616.5	181762.0	307184.0
he344	181420.0	307316.0	183099.5	305902.5
HHe01	182219.0	306550.0	183375.0	305594.0
HP301	180735.5	308088.0	181198.0	307716.5
hu803	181255.0	307564.0	182920.5	305998.5
hua160	180242.5	308520.0	181988.0	306987.5
huangC	182294.0	306382.0	183644.5	305417.5
huangchanga	180947.5	307714.0	182586.5	306490.0
huangchangb	183015.0	305648.0	184573.0	304502.0
huangyesi	181940.5	306827.0	183725.0	305245.5
huangyesi3	182263.0	306466.5	184147.0	304861.5
huangzaosi	183096.0	305679.5	184562.5	304400.0
huo17	181742.0	307155.5	182797.0	306043.5
huobai	180202.5	308594.0	181827.0	307114.5
huotanghuang	181833.5	306972.0	183123.0	305809.5
huotanghuang17	181270.0	307617.0	182508.5	306342.5
IA5125	180162.5	308746.0	181628.0	307201.5
IB014	181920.5	307009.5	183073.0	305735.0
IB02	180635.5	308214.5	182333.5	306554.5
IBB14	181272.0	307553.5	182596.5	306316.0
IBB15	182813.0	305847.5	184089.5	304988.0
IBC2	182487.0	306378.0	183706.5	305166.5
Il14H	179292.0	309506.0	180471.5	308468.5
J8606	181786.0	306916.0	182932.0	306104.0
ji4112	183060.0	305649.0	184365.5	304663.5
ji432	180211.0	308471.5	181868.0	307187.5
ji434	180347.0	308409.5	181887.0	307094.5
ji444	183130.5	305651.5	184805.0	304151.0
ji53	181689.0	307129.5	183146.0	305773.5
ji533	181740.0	306977.0	183372.0	305649.0
ji63	179960.0	308881.5	181717.5	307179.0
ji833	182242.0	306370.5	183723.5	305402.0
ji846	181983.0	306837.0	183505.5	305412.5
ji853	183043.5	305829.5	184695.5	304169.5
ji870	181428.5	307287.5	183097.5	305924.5
jian1495a	181307.0	307288.5	182987.0	306155.5
jian1495b	180823.5	307778.5	182691.5	306444.5
jiao05	182047.5	306662.0	183306.5	305722.0
jiao3	181189.0	307601.0	182808.0	306140.0
jiao51	179283.5	309688.0	180961.0	307805.5
jingnuo2	181334.0	307446.5	182697.0	306260.5
jinsui54	181597.0	307119.0	183210.5	305811.5
jiu138-5	182687.0	305928.5	183948.5	305174.0
jiu22	180987.0	307657.5	182380.0	306713.5
jiutai1	181723.0	307187.5	182997.5	305830.0
K10	180647.0	308372.5	181892.5	306826.0
K12	182545.5	306223.0	183856.5	305113.0
K14	181982.0	306728.5	183674.5	305353.0
K22	182647.5	306079.0	183812.5	305199.0
K514	182238.5	306517.5	183777.0	305205.0
Ki11	179739.0	308922.5	181334.0	307742.5
Ki21	180585.5	308086.5	182273.0	306793.0
KI3	179980.0	308807.5	181346.5	307604.0
KP3130	181244.0	307615.0	182907.5	305971.5
Ky21	180453.0	308312.5	181790.5	307182.0
L005	182693.5	306117.0	183671.5	305256.0
L05-6	180292.0	308487.0	181857.5	307101.5
L061F	182516.0	306371.5	183700.5	305150.0
L061M	180428.0	308416.5	181915.5	306978.0
L069	182631.0	306185.0	183838.5	305083.5
L-1	182398.0	306395.0	183516.0	305429.0
L105	181675.0	307276.5	182635.0	306151.5
L127	181466.0	307216.5	182741.5	306314.0
L135	181464.0	307303.0	183124.5	305846.5
L139	181952.0	306768.0	183132.0	305886.0
L473	182084.5	306736.0	183702.5	305215.0
L578	180331.0	308244.0	181332.5	307830.5
La2-4	182118.5	306748.5	183633.0	305238.0
lan766-4-2	180443.5	308462.5	181718.5	307113.5
LD61	181389.0	307564.0	182462.5	306322.5
LH1	181696.0	307160.0	183662.0	305220.0
LH119	179583.5	309308.5	181164.5	307681.5
LH123HT	180831.0	308014.0	182126.0	306767.0
LH127	182890.0	305998.5	183730.0	305119.5
LH128	182733.5	306265.0	183793.5	304946.0
LH132	180049.5	308944.5	181594.0	307150.0
LH143	181307.5	307485.0	182563.5	306382.0
LH145	181198.5	307529.5	182479.5	306530.5
LH146HT	179678.0	309108.5	181263.0	307688.5
LH149	179571.0	309285.5	180961.5	307920.0
LH150	181383.0	307438.0	182798.5	306118.5
LH156	181854.0	307053.5	183004.0	305826.5
LH160	180983.0	307904.0	181978.0	306873.0
LH162	181107.5	307838.0	182075.0	306717.5
LH190	179301.5	309556.5	180967.0	307913.0
LH191	181114.5	307750.5	182352.5	306520.5
LH192	180055.5	308570.0	181587.5	307525.0
LH193	180223.5	308583.5	181682.0	307249.0
LH194	179929.5	308947.0	181750.0	307111.5
LH196	179445.5	309343.5	181167.5	307781.5
LH202	179366.5	309455.0	180916.0	308000.5
LH205	179857.5	308856.5	181509.0	307515.0
LH208	180384.0	308375.0	181875.5	307103.5
LH215	181851.5	307097.0	183187.0	305602.5
LH220Ht	180251.5	308451.0	181834.5	307201.0
LH295	182042.5	306924.0	183336.5	305435.0
LH38	183028.0	305934.5	183831.5	304944.0
LH39	183048.5	305691.5	184091.0	304907.0
LH51	182654.5	306161.5	184029.5	304892.5
LH52	182178.0	306628.5	183605.5	305326.0
LH54	183275.0	305753.5	184171.0	304538.5
LH57	182980.5	305931.0	184245.5	304581.0
LH59	183121.0	305726.0	184553.5	304337.5
LH60	182519.0	306287.0	183696.5	305235.5
LH61	182675.5	306216.5	183760.0	305086.0
LH65	182017.5	306808.0	183577.5	305335.0
LH74	180272.5	308369.5	181910.0	307186.0
LH82	181426.0	307318.0	182863.0	306131.0
LH85	180618.5	308247.0	181999.0	306873.5
LH93	180842.0	308018.0	181974.0	306904.0
lian87	181719.0	306954.5	183210.5	305854.0
liao2202	182873.5	305817.0	183969.5	305078.0
liao2204	181770.5	307086.0	182812.0	306069.5
liao4271	182432.0	306208.5	183994.0	305103.5
liao5110	180542.0	308311.0	182109.0	306776.0
liao7794	180907.0	307917.5	182453.5	306460.0
LIBC4	182437.5	306509.5	183519.5	305271.5
LM-2	181496.5	307254.0	182985.5	306002.0
Lo	180965.5	307920.5	182587.5	306264.5
Lo1067	181057.5	307501.5	182324.0	306855.0
Lo1125	181317.5	307464.0	183013.0	305943.5
longkang1	182256.0	306597.5	183804.5	305080.0
longkang11	183685.5	304997.5	185188.0	303867.0
Los-6	180265.0	308570.5	181768.5	307134.0
LP1	180021.5	308723.5	181559.5	307433.5
Lp215D	181873.0	306980.5	183094.5	305790.0
LP5	179445.0	309359.0	181104.5	307829.5
lu65	182768.0	305914.0	184194.5	304861.5
luosu3	180599.0	308374.0	181831.0	306934.0
luyuan133	181511.5	307328.0	182820.5	306078.0
luyuan92	180064.5	308783.0	181556.0	307334.5
lv28	181395.5	307318.5	182728.0	306296.0
lv45	179721.5	309159.5	181051.5	307805.5
Lx9801	183367.0	305501.0	184905.0	303965.0
M101	182171.0	306546.0	183828.5	305192.5
M1016	181765.0	307104.5	182945.0	305923.5
M131-5	180966.0	307823.5	181932.5	307016.0
M14	181444.0	307546.0	182564.5	306183.5
M162W	180943.0	307779.5	181869.5	307146.0
M22	181225.5	307562.5	182469.0	306481.0
M3	182180.5	306755.5	183836.5	304965.5
M3736	180703.0	308146.5	181572.5	307316.0
M37W	179894.5	308854.0	181091.5	307898.0
M9	180851.0	308039.0	182427.5	306420.5
Max	180845.5	308061.0	182706.0	306125.5
Maxa	181753.5	307143.0	182905.5	305936.0
MBNA	182094.5	306964.5	182870.0	305809.0
MBPM	181345.0	307608.5	182468.0	306316.5
MBSJ	182830.0	305813.5	184274.0	304820.5
MBST	182979.5	305851.0	183871.0	305036.5
MBUB	183772.5	305211.5	184777.5	303976.5
MDF-13D	181722.5	307197.0	183201.5	305617.0
mei68113	181759.0	307054.5	183123.0	305801.5
ML606	182372.5	306613.0	183280.0	305472.5
MM-1A	179174.0	309451.5	180667.0	308445.5
MM402A	181201.5	307629.5	182147.0	306760.0
MO113	181645.5	307160.0	182995.5	305937.0
Mo17	183578.5	305318.0	184938.5	303903.0
Mo17-chin	183683.5	305226.5	185070.5	303757.5
MO18W	179836.5	308829.0	181038.0	308034.5
Mo24W	180424.0	308473.5	181470.5	307370.0
MP	181208.0	307524.0	182381.0	306625.0
Ms71	181426.0	307421.0	182476.5	306414.5
mu4	179838.0	308969.5	181571.0	307359.5
mu6	180570.5	308351.0	182000.0	306816.5
N138	182509.0	306333.0	183663.5	305232.5
N192	181675.5	307271.5	183291.5	305499.5
N42	181786.0	307003.0	183115.5	305833.5
N6	181029.5	307913.0	182296.0	306499.5
N68a	180667.5	308098.0	182110.5	306862.0
nan21-3	180594.5	308290.0	181867.5	306986.0
NC268	179925.5	308776.0	181904.5	307132.0
NC350	180075.5	308746.0	181238.0	307678.5
NC358	179989.0	308776.5	181380.5	307592.0
ND246	181311.5	307452.0	182792.5	306182.0
ning24	181636.5	307202.5	182766.5	306132.5
ning37	180747.5	307917.0	182292.0	306781.5
ning45	181000.0	307616.5	182734.5	306387.0
ning55	181900.0	306793.0	183347.5	305697.5
niu2-1	179344.0	309485.0	181233.0	307676.0
NN14B	180895.5	307742.5	182416.5	306683.5
NQ508	182399.5	306218.0	183854.5	305266.0
NS501	181084.5	307500.0	182534.5	306619.0
NS701	179523.0	309264.0	181266.0	307685.0
oh07B	180802.5	307979.0	182286.5	306670.0
Oh40B	181777.0	307210.0	182802.0	305949.0
Oh43	183204.0	305700.5	183960.5	304873.0
OH7	180333.0	308509.5	181754.5	307141.0
Oh7B	181382.5	307292.5	182674.5	306388.5
OQ603	182308.5	306358.5	184016.0	305055.0
P007	181833.0	307001.0	183627.5	305276.5
P1	179913.5	308816.5	181113.5	307894.5
P136	181810.0	306976.0	183183.5	305768.5
P138	182231.0	306588.5	183630.0	305288.5
P167	182578.0	306212.5	184042.5	304905.0
P25	182301.0	306503.5	183440.0	305493.5
P39	179469.0	309443.5	180434.0	308391.5
P39-chin	179518.5	309453.0	180768.0	307998.5
Pa91	181089.0	307747.0	182787.0	306115.0
PB80	179479.5	309304.5	181127.5	307826.5
PH207	181594.0	307007.0	183234.0	305903.0
PHBA6	181053.0	307707.0	182578.5	306399.5
PHG24	180695.5	308000.0	182335.5	306707.0
PHG35	182151.5	306551.0	183893.0	305142.5
PHG39	181633.5	307200.5	183052.0	305852.0
PHG47	181421.0	307189.0	182474.5	306653.5
PHG50	182204.5	306663.0	183594.0	305276.5
PHG71	181092.0	307542.0	182622.0	306482.0
PHG72	182253.5	306406.0	183664.0	305414.5
PHG83	181885.5	306836.5	183389.0	305627.0
PHG84	181136.5	307751.5	182715.0	306135.0
PHG86	180066.0	308695.0	181830.5	307146.5
PHH93	181304.5	307546.5	182740.0	306147.0
PHJ31	181554.5	307369.0	183197.5	305617.0
PHJ33	182145.0	306589.0	183874.0	305130.0
PHJ40	180941.5	307809.0	182427.5	306560.0
PHJ70	179654.0	309236.5	181476.5	307371.0
PHJ75	181412.0	307215.5	182796.5	306314.0
PHK05	180521.5	308230.0	181945.0	307041.5
PHK24	180313.5	308414.5	182024.0	306986.0
PHK35	180880.0	307954.0	182392.5	306511.5
PHK42	180790.5	307983.0	182147.5	306817.0
PHK76	181745.0	307169.5	182707.0	306116.5
PHK93	181310.0	307412.0	182112.0	306904.0
PHM10	182772.0	306020.0	183805.5	305140.5
PHM44	181573.5	307333.0	182784.0	306047.5
PHM57	180412.0	308133.0	182535.0	306658.0
PHM81	181283.5	307580.5	182283.0	306591.0
PHN11	181973.0	306955.5	183252.5	305557.0
PHN29	179966.5	308781.0	181523.0	307467.5
PHN37	182885.5	305943.0	183696.5	305213.0
PHN47	181217.5	307736.0	182890.0	305894.5
PHN66	181123.5	307720.5	182620.5	306273.5
PHN73	182870.0	305879.0	184125.5	304863.5
PHN82	182183.5	306636.5	183468.5	305449.5
PHNV9	180065.5	308669.5	181735.5	307267.5
PHP02	181309.5	307348.5	182965.5	306114.5
PHP55	182283.0	306558.5	183391.0	305505.5
PHP60	181104.5	307441.0	182717.0	306475.5
PHP76	181868.0	306895.5	183186.0	305788.5
PHP85	181064.0	307718.0	182576.5	306379.5
PHPR5	180401.0	308394.5	181645.5	307297.0
PHR25	181542.5	307226.5	182899.5	306069.5
PHR30	181134.0	307780.5	181953.0	306870.5
PHR32	181333.5	307728.0	182274.0	306402.5
PHR36	181234.0	307616.5	182247.5	306640.0
PHR47	181140.0	307743.5	182491.0	306363.5
PHR55	180974.5	307860.0	182579.5	306324.0
PHR58	182719.5	306228.0	183978.0	304812.5
PHR62	179953.0	308851.5	181530.0	307403.5
PHR63	182382.0	306446.5	183676.0	305233.5
PHT10	179984.0	308926.5	181761.0	307066.5
PHT22	181605.5	307244.5	183204.0	305684.0
PHT55	181116.0	307698.5	182737.0	306186.5
PHT60	180863.0	307897.0	182071.5	306906.5
PHT69	180977.5	307832.0	182687.0	306241.5
PHT77	181153.5	307711.0	182402.0	306471.5
PHV37	181853.5	306924.5	183106.5	305853.5
PHV53	181846.0	307028.5	183035.0	305828.5
PHV78	182806.0	305983.5	184244.0	304704.5
PHW03	181049.0	307816.5	182393.0	306479.5
PHW17	179651.5	309093.0	181545.0	307448.5
PHW20	181192.5	307644.0	182588.0	306313.5
PHW30	182468.5	306464.5	183586.5	305218.5
PHW43	182299.0	306577.5	183912.5	304949.0
PHW51	180920.0	307805.0	182441.5	306571.5
PHW52	180989.0	307885.0	182580.5	306283.5
PHW79	182496.0	306331.5	184090.5	304820.0
PHWG5	181182.5	307691.0	182543.0	306321.5
PHZ51	182724.0	306088.5	183854.0	305071.5
PN2	182808.0	306248.0	183724.5	304957.5
PN2-8	180911.5	307699.5	182650.5	306476.5
Q1261	182425.0	306437.5	183663.0	305212.5
Q381	182687.5	305995.0	183801.0	305254.5
qi205	180784.0	307938.5	182019.5	306996.0
qi318	182856.5	306070.5	184133.5	304677.5
qi319	182548.5	306293.0	183695.5	305201.0
qi35	181748.5	307181.0	183532.0	305276.5
qi410	179455.5	309403.0	180994.5	307885.0
qiong51	182859.5	305989.5	183987.5	304901.5
R017	182029.5	306733.5	183468.0	305507.0
R08	181530.0	307223.5	183203.0	305781.5
R136	181399.5	307238.5	183187.0	305913.0
R150	182171.0	306558.5	183550.0	305458.5
R1656	181608.0	307421.0	183027.0	305682.0
R25	181726.0	306821.0	183230.5	305960.5
R31	181653.0	307047.5	183271.0	305766.5
R98	181363.5	307188.5	183243.5	305942.5
RIMMA0438.1	175290.5	313501.0	176664.0	312282.5
RS710	181026.0	307749.5	182554.5	306408.0
S001	182194.0	306552.5	183534.0	305457.5
S22	182009.0	306704.5	183602.0	305422.5
S311	181275.5	307728.0	182691.5	306043.0
S37	180013.5	308633.0	181508.5	307583.0
S53	180126.0	308633.0	182081.0	306898.0
S7913	181741.0	306904.5	183150.5	305942.0
S8324	179811.0	308970.0	181603.0	307354.0
S8326	182643.0	306321.0	183797.0	304977.0
SC11-1	182415.0	306213.5	184025.5	305084.0
SC14	182187.0	306596.0	183414.5	305540.5
SC-14	183869.0	304969.0	185268.0	303632.0
SC24-1	182018.0	306676.5	183589.0	305454.5
SC30-1	181652.5	307177.0	183054.5	305854.0
SC9	181099.5	307533.0	183019.5	306086.0
SC-9	180689.5	307824.0	182649.0	306575.5
Seagu1117	183356.0	305481.5	184867.5	304033.0
Sg1533	182159.5	306608.5	183237.0	305733.0
SG17	183547.0	305390.0	184900.5	303900.5
shan89	181618.0	307213.5	182951.0	305955.5
shangyin110-1	180608.5	308159.5	181648.0	307322.0
shen135	182834.0	305885.0	184038.0	304981.0
shen137	182511.0	306161.0	183615.0	305451.0
shen142	181046.5	307708.5	182801.5	306181.5
shen5005	182655.5	306015.0	184224.0	304843.5
shen977	181633.5	307207.0	183180.0	305717.5
shuang741	182433.0	306479.5	183834.5	304991.0
shuangM9B-1	180190.0	308653.5	181793.5	307101.0
shuangtaiwu	180671.0	308132.5	181787.5	307147.0
siyi	180303.5	308194.0	182364.5	306876.0
song1145	180808.0	308004.0	182351.0	306575.0
SS99	181404.0	307386.5	182970.0	305977.5
su75	181194.5	307482.5	182839.5	306221.5
suwan1611	179829.0	308978.0	181414.0	307517.0
SW153	180976.5	307774.0	182813.5	306174.0
SX-4-21	180626.0	308162.5	181789.5	307160.0
SX-6-7	181066.5	307807.0	182471.0	306393.5
SZ3	182024.5	306983.5	183247.0	305483.0
T24	181575.5	307283.5	182560.5	306318.5
tai184	181478.5	307590.5	182348.0	306321.0
tangsipingtou	180999.5	307938.0	182265.5	306535.0
TDD39103	175061.5	313745.0	176524.5	312407.0
tian77	181635.5	307260.0	182748.0	306094.5
tie7922	181221.0	307575.5	182781.0	306160.5
TIL01	169122.0	319617.0	170394.0	318605.0
TIL01-JD	167967.5	320830.5	169016.0	319924.0
TIL02	172501.0	316154.0	173780.0	315303.0
TIL03	169609.0	318981.0	170911.0	318237.0
TIL04-TIP285	172640.0	316203.0	174019.5	314875.5
TIL04-TIP454	168348.0	320401.0	169708.0	319281.0
TIL05	168496.5	320146.5	169624.0	319471.0
TIL06-TIP260	167289.0	321433.0	168643.0	320373.0
TIL06-TIP496	168749.5	320010.5	169869.5	319108.5
TIL07	169288.0	319413.5	170432.0	318604.5
TIL08	164452.5	324205.0	165806.5	323274.0
TIL09	168587.5	320069.0	169972.5	319109.0
TIL10	167398.5	321481.0	168490.5	320368.0
TIL11	169221.0	319556.5	170489.0	318471.5
TIL12	169695.0	319069.0	170957.5	318016.5
TIL14-TIP498	168571.5	320108.0	169680.0	319378.5
TIL15	165589.0	323273.0	166504.0	322372.0
TIL16	167510.5	321272.0	168564.5	320391.0
TIL17	169091.0	319681.5	170265.0	318700.5
TIL25-TIP489	164242.5	324722.5	165157.0	323616.0
Timpunia-1	181186.0	307616.5	182428.0	306507.5
Tx303	180434.0	308381.0	182115.0	306808.0
Tx601	179126.0	309489.5	180950.0	308172.5
Tzi8	179661.5	309100.0	180943.5	308033.0
Va26	181464.0	307385.5	182496.5	306392.0
Va35	181508.0	307263.0	182605.5	306361.5
VG85-5	181837.0	306819.5	183129.0	305952.5
VL0512447	180177.0	308614.0	181328.5	307618.5
VL05128	181643.5	307380.0	182755.5	305959.0
VL054178	180654.5	308125.0	181705.0	307253.5
VL05610	180276.5	308633.0	181347.5	307481.0
VL056883	179739.0	309115.0	180949.5	307934.5
VL062784	180291.0	308463.5	181662.0	307321.5
W117	179724.5	309131.5	181367.0	307515.0
W153R	181745.0	307225.0	183393.5	305374.5
W172	180583.0	308348.5	181915.5	306891.0
W182bn	180745.5	308069.5	182150.5	306772.5
W22	181805.0	307057.0	182892.0	305984.0
W222	181851.0	306740.0	183651.0	305496.0
W23	180626.0	308065.0	181866.0	307181.0
W238	182123.0	306450.5	183342.5	305822.0
W2H03	180299.0	308534.0	181459.0	307446.0
W344	182157.5	306563.5	183775.0	305242.0
W499	179821.0	308895.5	181550.5	307471.0
W64a	181692.0	306948.5	183518.0	305579.5
W64A	182501.5	306316.0	184057.0	304863.5
W668	181576.5	307226.0	183448.5	305487.0
W8304	179604.0	309196.5	181454.0	307483.5
W8555	179693.0	309017.0	181373.0	307655.0
W966	181664.5	307065.5	183180.5	305827.5
W967	182131.0	306571.0	183649.0	305387.0
W968	181912.5	306908.5	183365.5	305551.5
W969	182197.5	306551.5	183596.5	305392.5
W9706	182959.0	305836.5	184379.0	304563.5
wei3322	180055.0	308686.0	181832.5	307164.5
wenhuang31413	181824.0	307154.0	183239.5	305520.5
WIL500	179607.5	309174.5	181098.5	307857.5
WIL900	182706.0	306082.0	184180.0	304770.0
WIL901	180690.0	308126.0	182002.0	306920.0
WIL903	181275.5	307513.5	182466.5	306482.5
WN11H	182826.5	305949.0	184636.5	304326.0
wu109	180405.5	308195.0	181814.5	307323.0
wu125	181183.5	307476.5	182664.5	306413.5
wu126	182679.0	306007.0	184296.5	304755.5
wu312	181737.5	307047.0	182843.5	306110.0
X314	180523.0	308315.5	182213.0	306686.5
XF117	180950.0	307898.0	182428.0	306462.0
XF134	182138.0	306448.5	183914.5	305237.0
XF197	181907.5	306795.0	183881.5	305154.0
XF223	182034.0	306737.5	183722.5	305244.0
XF27	180542.5	308236.5	182191.5	306767.5
XF77	180828.5	307981.5	182497.0	306431.0
xi502	183590.0	305078.5	184941.5	304128.0
xiangai3	181189.5	307541.0	182366.0	306641.5
xing230	182351.5	306523.0	183729.5	305134.0
xingK36	181696.0	307051.5	183070.5	305920.0
xinlun5-9	181101.5	307672.0	182661.0	306303.5
XOP2	182026.0	306930.5	183508.5	305273.0
xuan6	181246.5	307721.0	182340.0	306430.5
xun92-6	182413.5	306502.0	183797.5	305025.0
xun92-8	182393.5	306523.0	183624.5	305197.0
xun971	180815.0	308046.5	182340.0	306536.5
XZ19	182095.0	306620.0	183707.5	305315.5
Y223	181514.5	307222.0	182648.5	306353.0
y9961	180850.5	308017.5	182908.0	305962.0
yan103	180198.5	308398.0	181945.0	307196.5
yan156	182210.0	306725.0	183661.5	305141.5
yan172	181680.0	307021.5	182633.0	306403.5
yan38	181450.5	307390.5	182824.0	306073.0
yan812	180383.5	308525.0	181887.0	306942.5
Yd6	181051.0	307661.0	182839.0	306187.0
ye107	182045.0	306531.5	183588.0	305573.5
ye488	182036.0	306902.5	183270.5	305529.0
ye515	182067.5	306526.5	183699.5	305444.5
ye52106	180723.5	308042.0	181924.5	307048.0
ye5237	182318.5	306404.5	183506.0	305509.0
ye8001	181445.0	307475.5	182686.5	306131.0
ye8112	180664.0	308155.0	181974.0	306945.0
ye832	180343.5	308533.0	181733.5	307128.0
yi12	181547.0	307326.5	182742.0	306122.5
yi36	180686.0	308092.0	182223.0	306737.0
yi49	181306.5	307559.5	182569.5	306302.5
yi67	180516.5	308318.0	181824.0	307079.5
ys06	181524.0	307308.5	183077.5	305828.0
yu374	181813.5	307140.5	183197.5	305586.5
yu537A	181688.5	307034.5	182988.5	306026.5
yu82	182235.5	306498.0	183688.0	305316.5
yu87-1	182074.0	306504.5	183852.0	305307.5
yuanwu02	181588.5	307251.0	183067.0	305831.5
yuanwu05	180509.5	308336.5	182031.0	306861.0
yue39-4	181409.0	307377.5	182927.0	306024.5
yue89A12-1	180028.0	308705.5	181982.5	307022.0
yue89E4-2	181767.0	307203.0	183217.0	305551.0
yun147	181137.0	307907.0	181696.0	306998.0
Z31B	181938.0	306802.0	183569.0	305429.0
zaC546	181659.5	307180.5	183226.5	305671.5
zhangjin6	179370.0	309333.0	181364.0	307671.0
zhangxi28	181229.5	307516.0	182474.0	306518.5
zhen367	179421.0	309199.0	181233.0	307885.0
zheng22	180861.5	307955.5	181979.0	306942.0
zheng32	180142.5	308584.5	181873.5	307137.5
zheng653	181226.5	307572.0	182719.0	306220.5
zhengbai11	180946.5	307681.0	182894.0	306216.5
zhong128	181116.0	307816.0	182298.5	306507.5
zhong451	182353.0	306407.0	183829.5	305148.5
zhonger02	180527.5	308300.5	182266.0	306644.0
zhonghuang64	182329.0	306600.5	183410.0	305398.5
zhongxi042	180255.0	308463.0	181501.5	307518.5
zhongyin10	181061.0	307698.5	183070.5	305908.0
zhongyin15	182190.5	306552.5	183749.0	305246.0
zi330	180246.5	308572.5	181718.0	307201.0
ziduosui	180451.5	308509.0	181368.5	307409.0
ziyu3	181181.0	307593.5	182073.5	306890.0
zong3	181878.0	306716.5	183678.0	305465.5
zong31	182480.0	306331.0	183794.5	305132.5
zong548-1521	181825.5	307093.5	183166.0	305653.0
ZPON7	181363.0	307526.5	182179.0	306669.5
ZS01250	181059.5	307951.5	181982.0	306745.0
zun90110	182479.0	306325.5	183610.0	305323.5
MAIdgiRAADIAAPEI-1	180026.0	308772.5	181318.0	307621.5
MAIdgiRABDIAAPEI-2	179834.0	308802.0	181605.5	307496.5
MAIdgiRACDIAAPEI-3	179746.5	308987.5	181035.5	307968.5
MAIdgiRAEDIAAPEI-4	179871.0	308957.0	181129.0	307781.0
MAIdgiRAGDIAAPEI-5	180628.0	307921.5	181734.0	307454.5
MAIdgiRAIDIAAPEI-6	179767.0	309005.0	180903.5	308062.5
MAIdgiRAKDIAAPEI-9	180282.0	308451.0	181164.5	307840.5
MAIdgiRAMDIAAPEI-10	180071.0	308601.0	181242.5	307823.5
MAIdgiRAODIAAPEI-11	180385.5	308493.0	181274.0	307585.5
MAIdgiRAPDIAAPEI-12	179416.0	309432.5	180671.0	308218.5
MAIdgiRARDIAAPEI-1	180086.5	308621.5	181509.5	307520.5
MAIdgiRASDIAAPEI-2	180432.5	308405.0	181510.0	307390.5
MAIdgiRAVDIAAPEI-4	179705.0	309193.5	180856.0	307983.5
MAIdgiRAWDIAAPEI-5	179657.5	309143.5	181236.5	307700.5
MAIdgiRAXDIAAPEI-6	179816.5	309011.0	181335.5	307575.0
MAIdgiRAYDIAAPEI-7	179729.0	308905.5	181461.0	307642.5
MAIdgiRCCDIAAPEI-10	179991.0	308706.5	181195.5	307845.0
MAIdgiRCIDIAAPEI-7	180000.0	308890.0	181169.0	307679.0
MAIdgiRCKDIAAPEI-9	180092.5	308703.5	181082.0	307860.0
ZEAhwcRAXDIAAPE	165724.5	323299.0	166609.0	322105.5
ZEAxppRADDIAAPEI-4	179595.5	309109.0	181317.5	307716.0
ZEAxppRADDIAAPEI-7	179626.0	309106.0	181351.0	307655.0
ZEAxppRAFDIAAPEI-1	179645.0	308911.0	181304.5	307877.5
ZEAxppRAFDIAAPEI-5	179552.0	309185.5	181111.5	307889.0
ZEAxppRAHDIAAPEI-6	179520.5	309127.5	181308.5	307781.5
ZEAxppRAJDIAAPEI-7	179713.0	308861.5	181750.5	307413.0
ZEAxppRALDIAAPEI-9	179786.0	308997.0	181245.5	307709.5
ZEAxppRANDIAAPEI-10	179701.5	309297.0	180957.5	307782.0
ZEAxppRAQDIAAPEI-11	179910.5	308788.5	181227.5	307811.5
ZEAxppRATDIAAPEI-12	179525.0	309234.0	180611.0	308368.0
ZEAxppRAUDIAAPEI-1	180108.5	308688.0	181376.0	307565.5
ZEAxppRAZDIAAPEI-7	179802.5	308752.0	181119.5	308064.0
ZEAxppRBCDIAAPEI-2	182910.0	305768.5	184677.5	304382.0
ZEAxppRBFDIAAPEI-3	179886.5	308795.5	181758.0	307298.0
ZEAxppRBHDIAAPEI-1	179870.0	308893.0	181396.5	307578.5
ZEAxppRBHDIAAPEI-5	179788.5	309012.0	181350.0	307587.5
ZEAxppRBLDIAAPEI-2	179761.5	309060.0	181265.5	307651.0
ZEAxppRBMDIAAPEI-6	181456.5	307351.5	182588.5	306341.5
ZEAxppRBRDIAAPEI-3	181783.5	306907.5	183436.0	305611.0
ZEAxppRBSDIAAPEI-4	179889.5	309036.0	181533.5	307279.0
ZEAxppRBUDIAAPEI-5	179050.0	309760.5	180782.0	308145.5
ZEAxppRBXDIAAPEI-1	180119.5	308749.5	181066.5	307802.5
ZEAxppRBYDIAAPEI-2	179885.5	308816.5	180977.5	308058.5
ZEAxppRCBDIAAPEI-3	180047.0	308672.0	181458.5	307560.5
ZEAxppRCDDIAAPEI-12	180593.0	308096.0	181744.0	307305.0
ZEAxppRCFDIAAPEI-4	180750.5	307907.5	182042.0	307038.0
ZEAxppRCGDIAAPEI-5	180650.5	308261.0	181756.0	307070.5
ZEAxppRCHDIAAPEI-6	179698.5	309083.0	181154.5	307802.0
ZEAxppRCJDIAAPEI-7	179833.0	308680.0	181212.0	308013.0
ZEAxppRCODIAAPEI-9	184077.0	304843.5	185430.0	303387.5
ZEAxppRCPDIAAPEI-10	181412.5	307310.5	182884.5	306130.5
ZEAxppRCQDIAAPEI-11	182149.0	306709.5	183614.5	305265.0
ZEAxppRCUDIAAPEI-1	179583.0	309076.5	181125.5	307953.0
ZEAxppRCVDIAAPEI-2	181492.5	307390.5	182677.5	306177.5
ZEAxppRCWDIAAPEI-3	179795.5	308942.0	181344.0	307656.5
ZEAxppRCXDIAAPEI-4	179736.5	309030.0	181369.5	307602.0
ZEAxppRCYDIAAPEI-5	182874.5	305767.0	184241.0	304855.5
ZEAxppRDCDIAAPEI-2	180999.0	307822.5	182940.0	305976.5
ZEAxppRDCDIAAPEI-7	182486.0	306191.0	184230.5	304830.5
ZEAxppRDGDIAAPEI-11	180108.5	308583.0	181820.0	307226.5
ZEAxppRDHDIAAPEI-12	183424.0	305528.0	184506.0	304280.0
ZEAxppRDIDIAAPEI-1	179642.0	309125.0	181305.5	307665.5
ZEAxppRDLDIAAPEI-2	166608.5	322108.5	168040.5	320980.5
ZEAxppRDQDIAAPEI-3	182811.5	306232.0	184208.0	304486.5
ZEAxujRADDIBAPE	182376.0	306460.0	183318.0	305584.0
ZEAxujRAGDIBAPE	182706.0	305971.0	184238.0	304823.0
ZEAxujRAHDIBAPE	183757.0	305150.0	185078.0	303753.0
ZEAxujRAJDIBAPE	183380.5	305288.0	184563.0	304506.5
ZEAxujRAKDIBAPE	183409.0	305423.5	184974.0	303931.5
ZEAxujRALDIBAPE	181142.0	307614.5	182699.5	306282.0
ZEAxujRAMDIBAPE	181984.5	306993.5	183259.5	305500.5
ZEAxujRANDIBAPE	182325.0	306680.5	183964.5	304768.0
ZEAxujRAODIBAPE	181848.5	306929.5	183327.5	305632.5
ZEAxujRAPDIAAPE	183148.0	305756.5	184285.5	304548.0
ZEAxujRAQDIAAPE	183186.5	305428.0	184462.5	304661.0
ZEAxujRARDIAAPE	180268.0	308302.5	181799.5	307368.0
ZEAxujRASDIAAPE	181644.0	307021.5	182948.0	306124.5
ZEAxujRATDIAAPE	181665.0	306726.0	183577.5	305769.5
ZEAxujRAUDIAAPE	183187.5	305681.0	184070.5	304799.0
ZEAxujRAVDIAAPE	182976.5	305784.5	184133.5	304843.5
ZEAxujRAWDIAAPE	180958.5	307795.5	182213.5	306770.5
ZEAxujRAXDIAAPE	180033.5	308770.0	181617.5	307317.0
ZEAxujRAYDIAAPE	182223.5	306326.0	184247.0	304941.5
ZEAxujRAZDIAAPE	182768.0	306125.0	183865.5	304979.5
ZEAxujRBADIAAPE	181490.0	307023.0	183519.0	305706.0
ZEAxujRBBDIAAPE	183088.0	305581.5	184709.5	304359.0
ZEAxujRBCDIBAPE	182148.0	306676.5	183364.0	305549.5
ZEAxujRBDDIBAPE	184558.5	304267.5	185640.0	303272.0
ZEAxujRBFDIBAPE	182177.5	306544.5	183349.5	305666.5
