	A	G	T	C
Mmc_CAST10_H36.variant8	283149.0	387774.5	285450.5	385000.0
Mmc_CAST1_H12.variant8	283299.0	387741.0	285289.5	385044.5
Mmc_CAST2_H14.variant8	283231.0	387788.0	285192.5	385162.5
Mmc_CAST3_H15.variant8	282929.5	387891.5	285282.5	385270.5
Mmc_CAST4_H24.variant8	283058.5	387801.5	285228.0	385286.0
Mmc_CAST5_H26.variant8	283256.5	387800.5	285220.5	385096.5
Mmc_CAST6_H27.variant8	282971.5	388048.0	285227.5	385127.0
Mmc_CAST7_H28.variant8	283140.5	387801.5	285396.5	385035.5
Mmc_CAST8_H30.variant8	283204.0	387686.5	285200.0	385283.5
Mmc_CAST9_H34.variant8	283218.5	387733.5	285202.0	385220.0
Mmd_FRA1_14.variant	283666.5	387200.5	285754.5	384752.5
Mmd_FRA2_15B.variant	283798.5	386997.0	285852.0	384726.5
Mmd_FRA3_16B.variant	283731.0	387062.0	285822.5	384758.5
Mmd_FRA4_18B.variant	283817.5	387001.5	285761.0	384794.0
Mmd_FRA5_B2C.variant	283545.0	387207.0	285854.0	384768.0
Mmd_FRA6_C1.variant	283704.0	387072.0	285812.5	384785.5
Mmd_FRA7_E1.variant	283627.0	387161.5	285771.5	384814.0
Mmd_FRA8_F1B.variant	283873.5	387106.0	285615.5	384779.0
Mmd_GER1_TP1.variant2	283770.5	387035.0	285804.0	384764.5
Mmd_GER2_TP121B.variant2	283770.0	387125.0	285729.0	384750.0
Mmd_GER3_TP17-2.variant2	283872.0	386994.0	285757.5	384750.5
Mmd_GER4_TP3-92.variant2	283702.0	387151.0	285780.0	384741.0
Mmd_GER5_TP4a.variant2	283736.5	387134.5	285889.0	384614.0
Mmd_GER6_TP51D.variant2	283741.0	387105.5	285790.0	384737.5
Mmd_GER7_TP7-10F1A2.variant2	283742.5	387099.5	285894.5	384637.5
Mmd_GER8_TP81B.variant2	283658.0	387121.5	285804.0	384790.5
Mmd_HEL1_HG06.variant4	283734.0	387146.5	285753.5	384740.0
Mmd_HEL2_HG08.variant4	283740.0	387119.0	285720.5	384794.5
Mmd_HEL3_HG13.variant4	283731.0	387077.0	285714.5	384851.5
Mmd_IRA1_AH15.variant3	283769.0	387194.5	285843.5	384567.0
Mmd_IRA2_AH23.variant3	283639.5	387174.5	285873.0	384687.0
Mmd_IRA3_JR11.variant3	283739.5	387156.5	285800.5	384677.5
Mmd_IRA4_JR15.variant3	283760.5	387205.0	285887.0	384521.5
Mmd_IRA5_JR2-F1C.variant3	283602.0	387364.5	285806.0	384601.5
Mmd_IRA6_JR5-F1C.variant3	283748.0	387156.0	285767.0	384703.0
Mmd_IRA7_JR7-F1C.variant3	283845.5	387051.0	285785.5	384692.0
Mmd_IRA8_JR8-F1A.variant3	283609.0	387178.0	285757.5	384829.5
Mmm_AFG1_396.variant7	283756.5	387018.0	286000.0	384599.5
Mmm_AFG2_413.variant7	283946.0	386948.0	286130.5	384349.5
Mmm_AFG3_416.variant7	283880.0	386995.5	286048.5	384450.0
Mmm_AFG4_424.variant7	283889.5	386911.5	286089.5	384483.5
Mmm_AFG5_435.variant7	283968.0	387057.0	285979.0	384370.0
Mmm_AFG6_444.variant7	283857.5	387069.0	285835.0	384612.5
Mmm_CZE1_CR12.variant5	283895.0	386873.0	286224.0	384382.0
Mmm_CZE2_CR13.variant5	284071.5	386806.5	286161.0	384335.0
Mmm_CZE3_CR16.variant5	284034.0	386854.5	286154.0	384331.5
Mmm_CZE4_CR23.variant5	283860.5	386938.5	286090.5	384484.5
Mmm_CZE5_CR25.variant5	283811.5	386987.5	286152.5	384422.5
Mmm_CZE6_CR29.variant5	283888.5	387024.0	286055.0	384406.5
Mmm_CZE7_CR46.variant5	283891.0	386919.0	286091.5	384472.5
Mmm_CZE8_CR59.variant5	283948.5	386854.5	286081.5	384489.5
Mmm_KAZ1_AL1.variant6	283994.5	386915.5	286235.5	384228.5
Mmm_KAZ2_AL16.variant6	283889.5	386912.0	286273.5	384299.0
Mmm_KAZ3_AL19.variant6	283887.0	386944.0	286298.5	384244.5
Mmm_KAZ4_AL33.variant6	283917.0	386981.0	286222.0	384254.0
Mmm_KAZ5_AL38.variant6	283883.0	386987.5	286283.5	384220.0
Mmm_KAZ6_AL40.variant6	283899.5	386973.5	286193.5	384307.5
Mmm_KAZ7_AL41.variant6	283914.0	386925.0	286258.5	384276.5
Mmm_KAZ8_AL42.variant6	283911.0	386987.0	286200.0	384276.0
Ms_SPRE1_SP36.variant9	285651.0	385605.5	287694.0	382423.5
Ms_SPRE2_SP39.variant9	285684.0	385433.0	287920.5	382336.5
Ms_SPRE3_SP41.variant9	285606.0	385519.0	287942.5	382306.5
Ms_SPRE4_SP51.variant9	285602.5	385547.5	287826.5	382397.5
Ms_SPRE5_SP62.variant9	285718.5	385556.0	287687.5	382412.0
Ms_SPRE6_SP68.variant9	285720.0	385423.5	287868.0	382362.5
Ms_SPRE7_SP69.variant9	285812.5	385314.5	287881.5	382365.5
Ms_SPRE8_SP70.variant9	285686.0	385460.0	287745.5	382482.5
