	A	G	T	C
Mmc_CAST10_H36.variant8	4259904.0	5075517.0	4267962.0	5070281.0
Mmc_CAST1_H12.variant8	4260537.5	5075564.0	4267022.0	5070540.5
Mmc_CAST2_H14.variant8	4260373.0	5075353.0	4268183.0	5069755.0
Mmc_CAST3_H15.variant8	4261074.0	5074015.5	4267637.0	5070937.5
Mmc_CAST4_H24.variant8	4263001.0	5073429.5	4269795.0	5067438.5
Mmc_CAST5_H26.variant8	4259253.0	5075521.0	4268003.0	5070887.0
Mmc_CAST6_H27.variant8	4261580.0	5073942.5	4269404.0	5068737.5
Mmc_CAST7_H28.variant8	4260321.5	5075185.5	4267846.5	5070310.5
Mmc_CAST8_H30.variant8	4257941.0	5076388.5	4266889.0	5072445.5
Mmc_CAST9_H34.variant8	4259798.5	5075666.5	4267301.0	5070898.0
Mmd_FRA1_14.variant	4345806.0	4988602.5	4354436.0	4984819.5
Mmd_FRA2_15B.variant	4346825.5	4987336.5	4355751.5	4983750.5
Mmd_FRA3_16B.variant	4345762.5	4987615.0	4355843.5	4984443.0
Mmd_FRA4_18B.variant	4346134.5	4987625.0	4355184.0	4984720.5
Mmd_FRA5_B2C.variant	4346493.0	4987494.0	4355768.0	4983909.0
Mmd_FRA6_C1.variant	4345994.0	4987593.0	4355441.5	4984635.5
Mmd_FRA7_E1.variant	4346268.5	4987730.0	4355381.5	4984284.0
Mmd_FRA8_F1B.variant	4346509.0	4986714.5	4355811.5	4984629.0
Mmd_GER1_TP1.variant2	4347898.5	4985929.5	4357240.5	4982595.5
Mmd_GER2_TP121B.variant2	4347377.5	4986999.0	4356402.5	4982885.0
Mmd_GER3_TP17-2.variant2	4347062.5	4986727.5	4356665.0	4983209.0
Mmd_GER4_TP3-92.variant2	4347669.0	4986546.0	4357313.0	4982136.0
Mmd_GER5_TP4a.variant2	4347981.5	4985953.0	4357370.0	4982359.5
Mmd_GER6_TP51D.variant2	4347879.5	4986025.0	4357854.0	4981905.5
Mmd_GER7_TP7-10F1A2.variant2	4347316.5	4986384.0	4357273.5	4982690.0
Mmd_GER8_TP81B.variant2	4348112.0	4985600.0	4357396.5	4982555.5
Mmd_HEL1_HG06.variant4	4350536.0	4984055.0	4358797.5	4980275.5
Mmd_HEL2_HG08.variant4	4350449.5	4983732.0	4359130.0	4980352.5
Mmd_HEL3_HG13.variant4	4350654.0	4983948.5	4358900.0	4980161.5
Mmd_IRA1_AH15.variant3	4326949.5	5006929.0	4336372.0	5003413.5
Mmd_IRA2_AH23.variant3	4325047.5	5008686.5	4335231.5	5004698.5
Mmd_IRA3_JR11.variant3	4327081.0	5007107.5	4335625.0	5003850.5
Mmd_IRA4_JR15.variant3	4326788.0	5007069.0	4336281.0	5003526.0
Mmd_IRA5_JR2-F1C.variant3	4325319.0	5008518.5	4334834.0	5004992.5
Mmd_IRA6_JR5-F1C.variant3	4327076.5	5006837.5	4335952.0	5003798.0
Mmd_IRA7_JR7-F1C.variant3	4326501.5	5007829.5	4335074.5	5004258.5
Mmd_IRA8_JR8-F1A.variant3	4325520.0	5008680.5	4334985.0	5004478.5
Mmm_AFG1_396.variant7	4341758.0	4993956.0	4348332.0	4989618.0
Mmm_AFG2_413.variant7	4343086.5	4991994.0	4349563.5	4989020.0
Mmm_AFG3_416.variant7	4340969.0	4994994.0	4346819.5	4990881.5
Mmm_AFG4_424.variant7	4341039.0	4994343.0	4347163.5	4991118.5
Mmm_AFG5_435.variant7	4339931.5	4995741.0	4346158.0	4991833.5
Mmm_AFG6_444.variant7	4339548.5	4996231.0	4344965.5	4992919.0
Mmm_CZE1_CR12.variant5	4358596.5	4976824.5	4363762.0	4974481.0
Mmm_CZE2_CR13.variant5	4358709.0	4976526.5	4364190.5	4974238.0
Mmm_CZE3_CR16.variant5	4356731.0	4978439.5	4362381.0	4976112.5
Mmm_CZE4_CR23.variant5	4356618.5	4978680.0	4362810.0	4975555.5
Mmm_CZE5_CR25.variant5	4356806.0	4978747.5	4361794.5	4976316.0
Mmm_CZE6_CR29.variant5	4356219.5	4979178.0	4362294.5	4975972.0
Mmm_CZE7_CR46.variant5	4357463.0	4977583.5	4362623.0	4975994.5
Mmm_CZE8_CR59.variant5	4356519.5	4978820.5	4361580.0	4976744.0
Mmm_KAZ1_AL1.variant6	4347957.5	4987103.5	4354562.0	4984041.0
Mmm_KAZ2_AL16.variant6	4348329.0	4986883.0	4355474.5	4982977.5
Mmm_KAZ3_AL19.variant6	4348771.0	4986404.0	4355933.0	4982556.0
Mmm_KAZ4_AL33.variant6	4351920.0	4982759.5	4359274.5	4979710.0
Mmm_KAZ5_AL38.variant6	4352213.5	4982469.0	4359982.5	4978999.0
Mmm_KAZ6_AL40.variant6	4352101.5	4982897.0	4359114.5	4979551.0
Mmm_KAZ7_AL41.variant6	4353722.5	4981553.0	4359816.5	4978572.0
Mmm_KAZ8_AL42.variant6	4351167.0	4983379.5	4358774.5	4980343.0
Ms_SPRE1_SP36.variant9	4387274.0	4948180.0	4393739.5	4944470.5
Ms_SPRE2_SP39.variant9	4385656.0	4948848.5	4394398.0	4944761.5
Ms_SPRE3_SP41.variant9	4386359.0	4948354.5	4393370.0	4945580.5
Ms_SPRE4_SP51.variant9	4388409.5	4946449.0	4395359.0	4943446.5
Ms_SPRE5_SP62.variant9	4387792.0	4947190.5	4394745.0	4943936.5
Ms_SPRE6_SP68.variant9	4390356.0	4944433.5	4398370.0	4940504.5
Ms_SPRE7_SP69.variant9	4391069.5	4943640.5	4398334.0	4940620.0
Ms_SPRE8_SP70.variant9	4387026.0	4947810.5	4394612.0	4944215.5
