SAMPLE	A	C	G	T
HG00096	0.244419	0.255915	0.255242	0.244424
HG00097	0.243975	0.255624	0.255481	0.244920
HG00099	0.243872	0.255796	0.255595	0.244736
HG00100	0.244041	0.256004	0.255535	0.244421
HG00101	0.243799	0.256178	0.255669	0.244354
HG00102	0.243744	0.256272	0.255749	0.244235
HG00103	0.243602	0.255979	0.255672	0.244747
HG00105	0.244270	0.255977	0.255003	0.244750
HG00106	0.244009	0.256198	0.255378	0.244415
HG00107	0.243892	0.256107	0.255453	0.244548
HG00108	0.243960	0.256032	0.255752	0.244257
HG00109	0.243737	0.256157	0.255411	0.244694
HG00110	0.243447	0.255834	0.255959	0.244760
HG00111	0.244076	0.256340	0.255368	0.244215
HG00112	0.243987	0.255827	0.255764	0.244422
HG00113	0.244229	0.256022	0.255133	0.244615
HG00114	0.244064	0.255863	0.255392	0.244682
HG00115	0.244178	0.255991	0.255168	0.244663
HG00116	0.244030	0.255799	0.255499	0.244672
HG00117	0.243800	0.256031	0.255475	0.244694
HG00118	0.243622	0.256242	0.255521	0.244614
HG00119	0.243776	0.255645	0.255559	0.245020
HG00120	0.243925	0.255728	0.255345	0.245003
HG00121	0.243425	0.255680	0.255636	0.245260
HG00122	0.243886	0.255573	0.255538	0.245003
HG00123	0.243793	0.256121	0.255609	0.244477
HG00125	0.244153	0.256394	0.255264	0.244188
HG00126	0.243911	0.255795	0.255624	0.244670
HG00127	0.243586	0.256077	0.255727	0.244610
HG00128	0.243960	0.256196	0.255228	0.244616
HG00129	0.243693	0.255539	0.255512	0.245256
HG00130	0.243681	0.255718	0.255816	0.244785
HG00131	0.243546	0.256302	0.255841	0.244311
HG00132	0.243830	0.256103	0.255407	0.244660
HG00133	0.243589	0.256592	0.255740	0.244079
HG00136	0.243871	0.255753	0.255636	0.244740
HG00137	0.243770	0.256019	0.255507	0.244704
HG00138	0.243973	0.255938	0.255383	0.244706
HG00139	0.243880	0.256177	0.255218	0.244725
HG00140	0.243859	0.256067	0.255549	0.244525
HG00141	0.244297	0.255843	0.255256	0.244604
HG00142	0.243613	0.255649	0.255541	0.245197
HG00143	0.243663	0.255749	0.255796	0.244792
HG00145	0.244513	0.255597	0.255109	0.244781
HG00146	0.243948	0.256046	0.255169	0.244837
HG00148	0.243958	0.255871	0.255449	0.244723
HG00149	0.243395	0.256072	0.256154	0.244379
HG00150	0.243823	0.255809	0.255520	0.244849
HG00151	0.243655	0.256370	0.255370	0.244605
HG00154	0.243434	0.256147	0.255689	0.244730
HG00155	0.243630	0.255813	0.255621	0.244936
HG00157	0.243707	0.256264	0.255654	0.244375
HG00158	0.243629	0.256382	0.255428	0.244561
HG00159	0.243582	0.256308	0.255669	0.244441
HG00160	0.243654	0.255898	0.255786	0.244661
HG00171	0.243812	0.256224	0.255581	0.244383
HG00173	0.243526	0.256104	0.255332	0.245038
HG00174	0.244042	0.255650	0.255490	0.244819
HG00176	0.243639	0.255906	0.255549	0.244905
HG00177	0.243953	0.255825	0.255338	0.244884
HG00178	0.243911	0.256144	0.255330	0.244615
HG00179	0.243869	0.255912	0.255449	0.244771
HG00180	0.243759	0.256216	0.255390	0.244635
HG00181	0.243573	0.255814	0.255484	0.245129
HG00182	0.243669	0.256265	0.255612	0.244454
HG00183	0.243624	0.255511	0.255830	0.245034
HG00185	0.243399	0.256172	0.255603	0.244825
HG00186	0.243937	0.256349	0.255054	0.244660
HG00187	0.243478	0.256215	0.255655	0.244652
HG00188	0.243997	0.255867	0.255211	0.244925
HG00189	0.243866	0.256046	0.255273	0.244815
HG00190	0.243924	0.256080	0.255346	0.244650
HG00231	0.244052	0.255972	0.255276	0.244699
HG00232	0.243812	0.256425	0.255723	0.244040
HG00233	0.243680	0.256192	0.255698	0.244430
HG00234	0.243933	0.256007	0.255365	0.244694
HG00235	0.243623	0.256143	0.255542	0.244692
HG00236	0.243919	0.256120	0.255511	0.244450
HG00237	0.243814	0.256062	0.255435	0.244689
HG00238	0.243975	0.255519	0.255425	0.245082
HG00239	0.244075	0.255883	0.255437	0.244606
HG00240	0.244103	0.255511	0.255495	0.244891
HG00242	0.243991	0.255737	0.255467	0.244805
HG00243	0.244121	0.255744	0.255443	0.244692
HG00244	0.243846	0.255827	0.255268	0.245059
HG00245	0.243906	0.256265	0.255277	0.244552
HG00246	0.243603	0.256364	0.255548	0.244485
HG00250	0.244130	0.255835	0.255188	0.244846
HG00251	0.243858	0.256213	0.255310	0.244620
HG00252	0.243969	0.255910	0.255798	0.244323
HG00253	0.243847	0.256261	0.255329	0.244563
HG00254	0.243657	0.256043	0.255879	0.244422
HG00255	0.243744	0.256480	0.255360	0.244416
HG00256	0.244148	0.255422	0.255446	0.244983
HG00257	0.243784	0.255830	0.255660	0.244727
HG00258	0.243959	0.255919	0.255320	0.244802
HG00259	0.243758	0.255907	0.255661	0.244674
HG00260	0.243868	0.255871	0.255567	0.244694
HG00261	0.243833	0.255783	0.255509	0.244875
HG00262	0.244013	0.255921	0.255148	0.244919
HG00263	0.243978	0.256398	0.255223	0.244400
HG00264	0.243817	0.256058	0.255600	0.244526
HG00265	0.243797	0.256314	0.255493	0.244397
HG00266	0.244213	0.256120	0.254835	0.244831
HG00267	0.243902	0.256587	0.255562	0.243950
HG00268	0.243838	0.256147	0.255459	0.244556
HG00269	0.244092	0.255946	0.255205	0.244757
HG00271	0.243811	0.255971	0.255393	0.244825
HG00272	0.244279	0.255743	0.255167	0.244811
HG00273	0.244308	0.256061	0.255339	0.244291
HG00274	0.244106	0.256132	0.255330	0.244433
HG00275	0.244088	0.255611	0.255572	0.244729
HG00276	0.244184	0.255862	0.255348	0.244607
HG00277	0.244024	0.256331	0.255079	0.244566
HG00278	0.244162	0.255984	0.255193	0.244661
HG00280	0.243899	0.255973	0.255455	0.244673
HG00281	0.243463	0.255695	0.255939	0.244902
HG00282	0.243431	0.256450	0.255746	0.244373
HG00284	0.244178	0.255893	0.255494	0.244435
HG00285	0.243903	0.255949	0.255358	0.244790
HG00288	0.243746	0.255628	0.255529	0.245097
HG00290	0.243476	0.255532	0.255865	0.245128
HG00304	0.243800	0.256443	0.255189	0.244568
HG00306	0.244078	0.255853	0.255223	0.244846
HG00308	0.244021	0.256343	0.255247	0.244389
HG00309	0.244105	0.255817	0.255475	0.244602
HG00310	0.243893	0.256331	0.255553	0.244223
HG00311	0.243921	0.256100	0.255012	0.244967
HG00313	0.244021	0.255523	0.255347	0.245110
HG00315	0.243260	0.256058	0.256175	0.244507
HG00318	0.244121	0.255489	0.255017	0.245373
HG00319	0.243699	0.255978	0.255603	0.244720
HG00320	0.243737	0.255740	0.255582	0.244941
HG00321	0.243933	0.256147	0.255422	0.244498
HG00323	0.243351	0.256320	0.255787	0.244543
HG00324	0.243692	0.256021	0.255678	0.244608
HG00325	0.244088	0.256040	0.255450	0.244423
HG00326	0.243824	0.256224	0.255353	0.244598
HG00327	0.243686	0.256072	0.255377	0.244865
HG00328	0.244003	0.255823	0.255437	0.244738
HG00329	0.244240	0.255922	0.255089	0.244749
HG00330	0.243520	0.256031	0.255941	0.244507
HG00331	0.244009	0.255716	0.255513	0.244762
HG00332	0.243779	0.256345	0.255329	0.244547
HG00334	0.244050	0.255722	0.255253	0.244974
HG00335	0.243342	0.255969	0.255713	0.244977
HG00336	0.243760	0.256267	0.255583	0.244390
HG00337	0.243979	0.255864	0.255526	0.244631
HG00338	0.244018	0.255740	0.255199	0.245042
HG00339	0.243792	0.255831	0.255581	0.244796
HG00341	0.244117	0.255792	0.255104	0.244987
HG00342	0.243438	0.255476	0.256086	0.245000
HG00343	0.243854	0.255804	0.255428	0.244914
HG00344	0.243981	0.256467	0.255204	0.244349
HG00345	0.244015	0.256064	0.255342	0.244579
HG00346	0.243921	0.256136	0.255556	0.244386
HG00349	0.243921	0.256156	0.255144	0.244778
HG00350	0.244046	0.255984	0.255534	0.244436
HG00351	0.244043	0.256344	0.255285	0.244328
HG00353	0.244120	0.256066	0.255152	0.244662
HG00355	0.243926	0.256291	0.255403	0.244380
HG00356	0.243957	0.256082	0.255245	0.244717
HG00357	0.243736	0.256386	0.255706	0.244172
HG00358	0.243744	0.256107	0.255901	0.244248
HG00360	0.244037	0.255822	0.255202	0.244939
HG00361	0.243770	0.255708	0.255762	0.244759
HG00362	0.243810	0.256101	0.255496	0.244593
HG00364	0.243829	0.256112	0.255501	0.244558
HG00365	0.244135	0.255834	0.255173	0.244858
HG00366	0.244296	0.255840	0.255142	0.244722
HG00367	0.243811	0.255752	0.255727	0.244711
HG00368	0.243790	0.255852	0.255489	0.244869
HG00369	0.243568	0.256257	0.255543	0.244632
HG00371	0.243663	0.255339	0.255925	0.245073
HG00372	0.243933	0.255819	0.255284	0.244964
HG00373	0.243651	0.255772	0.255507	0.245070
HG00375	0.244138	0.255969	0.255162	0.244732
HG00376	0.243822	0.256036	0.255546	0.244596
HG00378	0.243981	0.255948	0.255287	0.244784
HG00379	0.243968	0.256032	0.255356	0.244644
HG00380	0.244171	0.256006	0.255264	0.244560
HG00381	0.243811	0.256134	0.255214	0.244840
HG00382	0.243902	0.256150	0.255434	0.244515
HG00383	0.243661	0.255750	0.255783	0.244806
HG00384	0.243848	0.255806	0.255381	0.244965
HG00403	0.243782	0.255671	0.255163	0.245384
HG00404	0.243803	0.256032	0.255333	0.244832
HG00406	0.243365	0.256388	0.255779	0.244468
HG00407	0.243945	0.255827	0.255412	0.244816
HG00409	0.243931	0.255663	0.255275	0.245131
HG00410	0.243585	0.255433	0.256011	0.244971
HG00419	0.243945	0.255645	0.255386	0.245024
HG00421	0.243586	0.254980	0.255948	0.245485
HG00422	0.243235	0.255698	0.255749	0.245318
HG00428	0.244138	0.255779	0.255455	0.244628
HG00436	0.243989	0.255992	0.255157	0.244862
HG00437	0.243645	0.255377	0.255770	0.245208
HG00442	0.243808	0.255559	0.255449	0.245185
HG00443	0.243753	0.256090	0.255508	0.244650
HG00445	0.243813	0.255779	0.255324	0.245083
HG00446	0.243427	0.255858	0.255887	0.244828
HG00448	0.243507	0.255923	0.255396	0.245174
HG00449	0.243380	0.255815	0.255953	0.244852
HG00451	0.243637	0.256093	0.255560	0.244710
HG00452	0.243782	0.255905	0.255297	0.245015
HG00457	0.243749	0.255945	0.255713	0.244593
HG00458	0.243567	0.255811	0.255469	0.245152
HG00463	0.243674	0.255803	0.255431	0.245092
HG00464	0.243139	0.255343	0.255890	0.245627
HG00472	0.243943	0.255767	0.255300	0.244990
HG00473	0.243568	0.255659	0.255548	0.245225
HG00475	0.243678	0.255856	0.255850	0.244617
HG00476	0.243502	0.256355	0.255829	0.244314
HG00478	0.243521	0.255937	0.255236	0.245306
HG00479	0.243638	0.255666	0.255400	0.245296
HG00500	0.243406	0.255886	0.255825	0.244884
HG00513	0.243591	0.255850	0.255655	0.244903
HG00524	0.243677	0.255964	0.255692	0.244667
HG00525	0.243692	0.255345	0.255753	0.245210
HG00530	0.243782	0.255565	0.255663	0.244990
HG00531	0.243517	0.255994	0.255375	0.245114
HG00533	0.244028	0.255511	0.255280	0.245181
HG00534	0.243394	0.256077	0.255390	0.245139
HG00536	0.243582	0.255971	0.255423	0.245024
HG00537	0.243220	0.255859	0.255640	0.245281
HG00542	0.243703	0.255984	0.255500	0.244813
HG00543	0.243229	0.255773	0.255890	0.245108
HG00556	0.243613	0.255669	0.255443	0.245276
HG00557	0.243851	0.255801	0.255645	0.244703
HG00559	0.243449	0.255935	0.255588	0.245028
HG00560	0.243553	0.256291	0.255374	0.244782
HG00565	0.243778	0.255513	0.255642	0.245068
HG00566	0.243302	0.255961	0.255811	0.244926
HG00580	0.243327	0.255734	0.255934	0.245006
HG00581	0.243592	0.255515	0.255470	0.245422
HG00583	0.243521	0.255884	0.255636	0.244959
HG00584	0.243606	0.255377	0.255743	0.245274
HG00589	0.243695	0.255285	0.255706	0.245313
HG00590	0.243291	0.255975	0.255595	0.245140
HG00592	0.243532	0.255827	0.255571	0.245070
HG00593	0.243544	0.255523	0.255547	0.245386
HG00595	0.243142	0.256146	0.256287	0.244425
HG00596	0.244105	0.255831	0.255236	0.244828
HG00598	0.243495	0.255568	0.255719	0.245217
HG00599	0.243773	0.255689	0.255581	0.244957
HG00607	0.243606	0.255810	0.255659	0.244926
HG00608	0.243700	0.255450	0.255848	0.245002
HG00610	0.243739	0.255606	0.255710	0.244944
HG00611	0.243939	0.255243	0.255713	0.245105
HG00613	0.243912	0.255524	0.255716	0.244848
HG00614	0.243532	0.255600	0.255896	0.244971
HG00619	0.243378	0.255606	0.255929	0.245086
HG00620	0.243581	0.255446	0.255508	0.245464
HG00622	0.243704	0.255651	0.255306	0.245339
HG00623	0.243345	0.256052	0.255782	0.244820
HG00625	0.243888	0.255356	0.255471	0.245286
HG00626	0.243546	0.255775	0.255978	0.244701
HG00628	0.243563	0.255812	0.255591	0.245033
HG00629	0.243401	0.255950	0.255841	0.244808
HG00631	0.243285	0.255576	0.255643	0.245495
HG00632	0.243624	0.255871	0.255490	0.245015
HG00634	0.243577	0.255794	0.255519	0.245110
HG00650	0.243385	0.255752	0.255532	0.245332
HG00651	0.243939	0.256003	0.255287	0.244771
HG00653	0.244118	0.256069	0.255160	0.244653
HG00654	0.243636	0.255724	0.255685	0.244955
HG00656	0.243407	0.255760	0.255711	0.245122
HG00657	0.243472	0.255737	0.255746	0.245045
HG00662	0.243828	0.255904	0.255439	0.244829
HG00663	0.244061	0.255556	0.255550	0.244832
HG00671	0.244146	0.256116	0.255169	0.244569
HG00672	0.243732	0.255661	0.255710	0.244896
HG00674	0.244149	0.255677	0.255288	0.244886
HG00675	0.243375	0.255651	0.255901	0.245072
HG00683	0.243502	0.255814	0.255808	0.244875
HG00684	0.243446	0.255866	0.255783	0.244905
HG00689	0.243598	0.255902	0.255543	0.244957
HG00690	0.243801	0.255881	0.255371	0.244947
HG00692	0.243719	0.255568	0.255790	0.244922
HG00693	0.243419	0.255875	0.255677	0.245030
HG00698	0.243868	0.255648	0.255592	0.244892
HG00699	0.244019	0.255558	0.255283	0.245140
HG00701	0.243631	0.255834	0.255809	0.244726
HG00704	0.244009	0.255860	0.255247	0.244884
HG00705	0.243523	0.255741	0.255538	0.245198
HG00707	0.243763	0.255807	0.255232	0.245198
HG00708	0.243558	0.255615	0.256026	0.244801
HG00717	0.244004	0.255700	0.255465	0.244831
HG00728	0.243291	0.256033	0.255521	0.245155
HG00729	0.243319	0.256046	0.255674	0.244961
HG00759	0.244019	0.255505	0.255277	0.245199
HG00766	0.243650	0.255380	0.255646	0.245324
HG00844	0.243705	0.255652	0.255692	0.244951
HG00851	0.243511	0.255586	0.255656	0.245247
HG00864	0.243774	0.255709	0.255546	0.244971
HG00867	0.243726	0.256160	0.255462	0.244652
HG00879	0.244236	0.255564	0.255040	0.245161
HG00881	0.243905	0.255689	0.255463	0.244943
HG00956	0.243929	0.255553	0.255408	0.245110
HG00978	0.243518	0.255841	0.255853	0.244789
HG00982	0.243594	0.255663	0.255656	0.245086
HG01028	0.243526	0.256099	0.255507	0.244868
HG01029	0.243909	0.256025	0.255524	0.244543
HG01031	0.243366	0.255648	0.255460	0.245526
HG01046	0.243486	0.255684	0.255933	0.244896
HG01334	0.243832	0.256411	0.255157	0.244601
HG01500	0.243490	0.256044	0.255925	0.244540
HG01501	0.243825	0.256122	0.255283	0.244770
HG01503	0.243764	0.256233	0.255777	0.244226
HG01504	0.243832	0.255895	0.255455	0.244818
HG01506	0.244070	0.256150	0.255536	0.244244
HG01507	0.243476	0.256387	0.255576	0.244560
HG01509	0.244398	0.255913	0.255290	0.244399
HG01510	0.243673	0.255975	0.255314	0.245038
HG01512	0.243819	0.256022	0.255398	0.244761
HG01513	0.243773	0.256188	0.255454	0.244586
HG01515	0.243627	0.256117	0.255557	0.244699
HG01516	0.243566	0.256032	0.255708	0.244694
HG01518	0.243894	0.256158	0.255429	0.244519
HG01519	0.243480	0.255957	0.255548	0.245015
HG01521	0.243927	0.255807	0.255389	0.244878
HG01522	0.243814	0.255890	0.255617	0.244679
HG01524	0.243831	0.256150	0.255438	0.244581
HG01525	0.243900	0.255943	0.255288	0.244868
HG01527	0.243356	0.256319	0.255805	0.244520
HG01528	0.243680	0.256129	0.255615	0.244575
HG01530	0.243728	0.256054	0.255749	0.244469
HG01531	0.243959	0.255365	0.255413	0.245263
HG01536	0.243627	0.255919	0.255695	0.244759
HG01537	0.243372	0.256105	0.255962	0.244560
HG01583	0.243859	0.256075	0.255593	0.244473
HG01586	0.243495	0.256091	0.255850	0.244564
HG01589	0.243577	0.255857	0.255784	0.244782
HG01593	0.243184	0.256226	0.255975	0.244615
HG01595	0.243491	0.255923	0.255667	0.244919
HG01596	0.243602	0.255691	0.255517	0.245190
HG01597	0.243686	0.255991	0.255484	0.244839
HG01598	0.243869	0.255877	0.255409	0.244846
HG01599	0.243519	0.255975	0.255519	0.244987
HG01600	0.243579	0.255938	0.255554	0.244929
HG01602	0.243847	0.255971	0.255561	0.244622
HG01603	0.244126	0.255787	0.255404	0.244682
HG01605	0.243640	0.255689	0.255897	0.244774
HG01606	0.244064	0.255832	0.255367	0.244737
HG01607	0.244052	0.256003	0.255599	0.244346
HG01608	0.244198	0.256371	0.255203	0.244228
HG01610	0.243479	0.256221	0.255841	0.244458
HG01612	0.243935	0.256067	0.255520	0.244478
HG01613	0.244035	0.256332	0.255268	0.244364
HG01615	0.243697	0.256481	0.255585	0.244236
HG01617	0.244032	0.256035	0.255498	0.244435
HG01618	0.243707	0.256376	0.255632	0.244284
HG01619	0.243600	0.255888	0.255604	0.244908
HG01620	0.243606	0.255722	0.255757	0.244914
HG01623	0.243466	0.255764	0.255755	0.245015
HG01624	0.243396	0.256364	0.256011	0.244228
HG01625	0.243742	0.255985	0.255611	0.244662
HG01626	0.244180	0.255976	0.255370	0.244474
HG01628	0.243996	0.256192	0.255272	0.244540
HG01630	0.243379	0.255814	0.256020	0.244787
HG01631	0.244139	0.255638	0.255315	0.244908
HG01632	0.244135	0.255666	0.255204	0.244995
HG01668	0.243800	0.256019	0.255591	0.244590
HG01669	0.243620	0.256219	0.255743	0.244418
HG01670	0.243657	0.255847	0.255604	0.244893
HG01672	0.243909	0.256236	0.255497	0.244358
HG01673	0.243593	0.256026	0.255574	0.244807
HG01675	0.243683	0.256489	0.255423	0.244404
HG01676	0.244192	0.256055	0.255266	0.244487
HG01678	0.243960	0.256079	0.255640	0.244322
HG01679	0.244019	0.256230	0.255355	0.244395
HG01680	0.243950	0.256287	0.255502	0.244261
HG01682	0.243304	0.256035	0.255953	0.244708
HG01684	0.244010	0.255819	0.255463	0.244707
HG01685	0.244105	0.256111	0.255233	0.244551
HG01686	0.243278	0.256415	0.255749	0.244557
HG01694	0.244006	0.256180	0.255571	0.244243
HG01695	0.243451	0.256044	0.255735	0.244770
HG01697	0.243954	0.255939	0.255340	0.244767
HG01699	0.244481	0.256092	0.255149	0.244278
HG01700	0.243778	0.256069	0.255621	0.244533
HG01702	0.244125	0.256001	0.255047	0.244828
HG01704	0.243829	0.255850	0.255707	0.244613
HG01705	0.243936	0.256709	0.255075	0.244280
HG01707	0.243553	0.255773	0.256075	0.244599
HG01708	0.243698	0.256132	0.255405	0.244765
HG01709	0.243616	0.256290	0.255571	0.244523
HG01710	0.243361	0.256436	0.255818	0.244385
HG01746	0.243721	0.255859	0.255859	0.244561
HG01747	0.243951	0.256192	0.255269	0.244589
HG01756	0.243678	0.256220	0.255712	0.244391
HG01757	0.243374	0.255812	0.256055	0.244759
HG01761	0.243782	0.256496	0.255339	0.244383
HG01762	0.244112	0.255819	0.255371	0.244698
HG01765	0.243725	0.256052	0.255606	0.244616
HG01766	0.243726	0.255995	0.255508	0.244771
HG01767	0.244015	0.256295	0.255662	0.244028
HG01768	0.243648	0.256242	0.255764	0.244346
HG01770	0.243789	0.256336	0.255692	0.244183
HG01771	0.244251	0.255944	0.255250	0.244555
HG01773	0.243735	0.255979	0.255469	0.244817
HG01775	0.243415	0.256627	0.255723	0.244235
HG01776	0.243764	0.256021	0.255431	0.244784
HG01777	0.243700	0.256658	0.255262	0.244379
HG01779	0.243817	0.255978	0.255537	0.244667
HG01781	0.243971	0.255584	0.255446	0.245000
HG01783	0.243773	0.256150	0.255353	0.244724
HG01784	0.243741	0.255622	0.255786	0.244851
HG01785	0.244026	0.256076	0.255503	0.244395
HG01786	0.243951	0.256211	0.255650	0.244189
HG01789	0.243239	0.256419	0.255991	0.244351
HG01790	0.243784	0.256060	0.255536	0.244620
HG01791	0.244156	0.256095	0.255300	0.244449
HG01794	0.244023	0.255763	0.255218	0.244996
HG01795	0.243176	0.256048	0.256037	0.244739
HG01796	0.243512	0.255963	0.255744	0.244781
HG01797	0.243579	0.255849	0.255711	0.244861
HG01798	0.243629	0.255478	0.255675	0.245218
HG01799	0.243535	0.255621	0.255825	0.245018
HG01800	0.243706	0.256167	0.255434	0.244694
HG01801	0.243535	0.255784	0.255769	0.244913
HG01802	0.244094	0.255333	0.255214	0.245360
HG01804	0.243847	0.255771	0.255594	0.244788
HG01805	0.244126	0.255177	0.255523	0.245174
HG01806	0.243756	0.255591	0.255529	0.245125
HG01807	0.243912	0.255432	0.255415	0.245241
HG01808	0.243437	0.255495	0.255857	0.245211
HG01809	0.243499	0.255834	0.255790	0.244878
HG01810	0.243243	0.255888	0.256069	0.244801
HG01811	0.243373	0.255454	0.255980	0.245193
HG01812	0.243699	0.255930	0.255306	0.245066
HG01813	0.243837	0.255906	0.255169	0.245088
HG01815	0.243935	0.255410	0.255413	0.245242
HG01816	0.243960	0.255781	0.255541	0.244717
HG01817	0.243801	0.255763	0.255434	0.245003
HG01840	0.243520	0.255818	0.255678	0.244983
HG01841	0.243844	0.255538	0.255639	0.244979
HG01842	0.243526	0.256164	0.255819	0.244492
HG01843	0.243661	0.255566	0.255421	0.245352
HG01844	0.243870	0.255884	0.255190	0.245057
HG01845	0.243823	0.255677	0.255324	0.245176
HG01846	0.243789	0.255636	0.255351	0.245224
HG01847	0.243487	0.255725	0.255682	0.245106
HG01848	0.243939	0.255799	0.255374	0.244889
HG01849	0.243704	0.255648	0.255829	0.244819
HG01850	0.243255	0.255838	0.255941	0.244966
HG01851	0.243379	0.255695	0.255909	0.245018
HG01852	0.243819	0.255981	0.255364	0.244836
HG01853	0.243322	0.255987	0.255832	0.244860
HG01855	0.243561	0.256365	0.255563	0.244511
HG01857	0.243995	0.255776	0.255238	0.244991
HG01858	0.243730	0.255421	0.255772	0.245078
HG01859	0.243483	0.255957	0.255762	0.244798
HG01860	0.244017	0.255768	0.255146	0.245069
HG01861	0.243484	0.256127	0.255617	0.244771
HG01862	0.243992	0.255796	0.254777	0.245435
HG01863	0.243484	0.255942	0.255567	0.245007
HG01864	0.243317	0.256055	0.255523	0.245105
HG01865	0.243594	0.256156	0.255526	0.244724
HG01866	0.243627	0.255604	0.255726	0.245043
HG01867	0.243381	0.255867	0.255890	0.244862
HG01868	0.243654	0.256016	0.255505	0.244824
HG01869	0.243797	0.255765	0.255707	0.244731
HG01870	0.243662	0.255842	0.255532	0.244964
HG01871	0.243493	0.255739	0.255668	0.245100
HG01872	0.243374	0.255570	0.256131	0.244925
HG01873	0.243948	0.256043	0.255082	0.244927
HG01874	0.244025	0.256153	0.255483	0.244339
HG01878	0.243597	0.255686	0.255649	0.245068
HG02016	0.243810	0.255553	0.255723	0.244914
HG02017	0.243741	0.255939	0.255289	0.245030
HG02019	0.243660	0.256086	0.255742	0.244512
HG02020	0.243395	0.255823	0.255701	0.245082
HG02023	0.243351	0.255867	0.255902	0.244880
HG02025	0.243708	0.256109	0.255429	0.244754
HG02026	0.243593	0.255408	0.255435	0.245564
HG02028	0.243158	0.255883	0.255745	0.245214
HG02029	0.243690	0.256067	0.255513	0.244730
HG02031	0.243374	0.255899	0.255537	0.245191
HG02032	0.244346	0.256009	0.255008	0.244638
HG02035	0.243964	0.255783	0.255515	0.244738
HG02040	0.243719	0.255538	0.255550	0.245193
HG02047	0.243604	0.256034	0.255465	0.244897
HG02048	0.243360	0.256075	0.256051	0.244514
HG02049	0.243464	0.256180	0.255799	0.244556
HG02050	0.243658	0.255671	0.255502	0.245170
HG02057	0.244023	0.255592	0.255362	0.245023
HG02058	0.243966	0.255781	0.255383	0.244870
HG02060	0.243179	0.255922	0.256125	0.244774
HG02061	0.243451	0.255990	0.255682	0.244878
HG02064	0.243601	0.255844	0.255511	0.245044
HG02067	0.243453	0.255884	0.255354	0.245309
HG02069	0.243408	0.255654	0.255507	0.245431
HG02070	0.243775	0.255844	0.255663	0.244718
HG02072	0.243483	0.255985	0.256156	0.244376
HG02073	0.244259	0.256046	0.255136	0.244559
HG02075	0.244349	0.255424	0.255037	0.245190
HG02076	0.243686	0.255626	0.255419	0.245269
HG02078	0.243209	0.256007	0.255608	0.245176
HG02079	0.243522	0.255321	0.255751	0.245406
HG02081	0.243874	0.255663	0.255467	0.244996
HG02082	0.243883	0.255661	0.255492	0.244964
HG02084	0.243340	0.256289	0.255725	0.244646
HG02085	0.243883	0.255731	0.255103	0.245284
HG02086	0.243592	0.255969	0.255860	0.244579
HG02087	0.243456	0.255972	0.255640	0.244932
HG02088	0.244166	0.255733	0.254976	0.245125
HG02113	0.243389	0.255931	0.255747	0.244933
HG02116	0.243662	0.255782	0.255893	0.244663
HG02121	0.243739	0.255984	0.255191	0.245086
HG02122	0.243554	0.255600	0.255558	0.245289
HG02127	0.243446	0.256063	0.255857	0.244634
HG02128	0.243839	0.255945	0.255319	0.244897
HG02130	0.243846	0.256052	0.255437	0.244666
HG02131	0.243383	0.255953	0.256097	0.244568
HG02133	0.243733	0.255698	0.255499	0.245070
HG02134	0.243159	0.255723	0.255787	0.245330
HG02136	0.243546	0.255582	0.255579	0.245293
HG02137	0.243711	0.255828	0.255361	0.245100
HG02138	0.243588	0.255592	0.255940	0.244879
HG02139	0.243951	0.255826	0.255286	0.244937
HG02140	0.243338	0.255954	0.255713	0.244995
HG02141	0.243933	0.255434	0.255211	0.245423
HG02142	0.243760	0.255656	0.255582	0.245003
HG02151	0.243981	0.255716	0.255283	0.245020
HG02152	0.243192	0.256063	0.255524	0.245221
HG02153	0.243315	0.255981	0.255846	0.244859
HG02154	0.243730	0.256317	0.255383	0.244570
HG02155	0.243391	0.255377	0.256123	0.245109
HG02156	0.243918	0.255817	0.255327	0.244938
HG02164	0.243694	0.255619	0.255701	0.244985
HG02165	0.243666	0.255609	0.255570	0.245156
HG02166	0.243985	0.255985	0.255412	0.244618
HG02178	0.243769	0.255563	0.255605	0.245063
HG02179	0.243759	0.255439	0.255689	0.245113
HG02180	0.243655	0.255304	0.255624	0.245416
HG02181	0.243537	0.256420	0.255375	0.244668
HG02182	0.243814	0.255955	0.255077	0.245154
HG02184	0.243900	0.255565	0.255498	0.245038
HG02185	0.243541	0.255711	0.255831	0.244917
HG02186	0.243886	0.255403	0.255641	0.245071
HG02187	0.243434	0.256091	0.255768	0.244707
HG02188	0.243927	0.255787	0.255222	0.245064
HG02190	0.243199	0.255715	0.256269	0.244818
HG02215	0.243680	0.256319	0.255698	0.244304
HG02219	0.243966	0.256087	0.255460	0.244488
HG02220	0.243735	0.255906	0.255806	0.244553
HG02221	0.243704	0.256025	0.255537	0.244735
HG02223	0.243541	0.256043	0.255672	0.244745
HG02224	0.243715	0.256305	0.255633	0.244347
HG02230	0.243596	0.256299	0.255903	0.244203
HG02231	0.243704	0.256180	0.255616	0.244500
HG02232	0.244152	0.256030	0.254950	0.244868
HG02233	0.244155	0.255701	0.255241	0.244903
HG02235	0.244173	0.256081	0.255144	0.244602
HG02236	0.243708	0.256187	0.255412	0.244693
HG02238	0.243688	0.256515	0.255712	0.244085
HG02239	0.243728	0.255247	0.255491	0.245534
HG02250	0.243503	0.255983	0.255863	0.244651
HG02351	0.243592	0.256017	0.255535	0.244856
HG02353	0.243871	0.255815	0.255660	0.244655
HG02355	0.243660	0.255820	0.255627	0.244894
HG02356	0.243705	0.255817	0.255783	0.244695
HG02360	0.243865	0.255754	0.255534	0.244848
HG02364	0.243461	0.255389	0.255919	0.245230
HG02367	0.243670	0.255627	0.255678	0.245025
HG02371	0.244201	0.255751	0.254976	0.245072
HG02373	0.243793	0.255612	0.255467	0.245128
HG02374	0.244300	0.255547	0.255017	0.245136
HG02375	0.243734	0.256067	0.255738	0.244461
HG02379	0.243805	0.256083	0.255130	0.244982
HG02380	0.243554	0.255663	0.255707	0.245076
HG02382	0.243801	0.255747	0.255463	0.244989
HG02383	0.243753	0.255319	0.255436	0.245492
HG02384	0.243492	0.255822	0.255675	0.245011
HG02385	0.243512	0.256099	0.255753	0.244636
HG02386	0.243546	0.255805	0.255668	0.244981
HG02389	0.243415	0.255315	0.255623	0.245648
HG02390	0.243716	0.255799	0.255426	0.245059
HG02391	0.243541	0.255710	0.255668	0.245082
HG02392	0.244079	0.255640	0.255312	0.244969
HG02394	0.244138	0.256059	0.255365	0.244438
HG02395	0.243894	0.255804	0.255407	0.244895
HG02396	0.243924	0.255884	0.255300	0.244892
HG02397	0.243584	0.255792	0.255555	0.245069
HG02398	0.243561	0.255728	0.255698	0.245013
HG02399	0.243745	0.255706	0.255415	0.245134
HG02401	0.243749	0.256002	0.255252	0.244996
HG02402	0.243568	0.255774	0.255572	0.245086
HG02406	0.243463	0.255637	0.255765	0.245135
HG02407	0.243375	0.255767	0.255638	0.245220
HG02408	0.243880	0.255997	0.255422	0.244702
HG02409	0.243627	0.255638	0.255416	0.245318
HG02410	0.243627	0.256030	0.255487	0.244856
HG02461	0.241127	0.258178	0.258174	0.242521
HG02462	0.241485	0.258063	0.257778	0.242674
HG02464	0.240808	0.258689	0.258482	0.242022
HG02465	0.241120	0.258516	0.258376	0.241988
HG02490	0.243812	0.256299	0.255401	0.244489
HG02491	0.244293	0.256048	0.255379	0.244280
HG02493	0.243600	0.256247	0.255511	0.244642
HG02494	0.243726	0.255887	0.255483	0.244904
HG02512	0.243791	0.255639	0.255645	0.244925
HG02513	0.243668	0.255435	0.255564	0.245333
HG02521	0.243574	0.255773	0.255749	0.244904
HG02522	0.243987	0.255818	0.255499	0.244697
HG02561	0.240999	0.258104	0.258102	0.242795
HG02562	0.241347	0.258368	0.258141	0.242144
HG02568	0.240971	0.259012	0.257976	0.242041
HG02570	0.241151	0.258537	0.258800	0.241511
HG02571	0.241192	0.258630	0.258288	0.241890
HG02573	0.240751	0.258593	0.258296	0.242359
HG02574	0.240937	0.258589	0.258278	0.242197
HG02582	0.241171	0.258564	0.258085	0.242180
HG02583	0.240943	0.258546	0.258492	0.242019
HG02585	0.240568	0.258638	0.258958	0.241836
HG02586	0.241403	0.258073	0.257915	0.242610
HG02588	0.241338	0.257856	0.258262	0.242544
HG02589	0.241356	0.258784	0.257781	0.242080
HG02594	0.241156	0.258819	0.258382	0.241642
HG02595	0.240952	0.258407	0.258339	0.242301
HG02597	0.244041	0.256171	0.255207	0.244581
HG02600	0.243777	0.255953	0.255608	0.244662
HG02601	0.244053	0.256080	0.255035	0.244832
HG02603	0.243458	0.256296	0.255222	0.245024
HG02604	0.243835	0.256263	0.255499	0.244403
HG02610	0.240693	0.258833	0.258525	0.241949
HG02611	0.241070	0.258428	0.258733	0.241769
HG02613	0.241051	0.258154	0.258919	0.241876
HG02614	0.241543	0.258704	0.257906	0.241847
HG02620	0.241108	0.258443	0.258340	0.242109
HG02621	0.240433	0.258833	0.258852	0.241882
HG02623	0.241436	0.258516	0.257872	0.242176
HG02624	0.241158	0.258461	0.258419	0.241962
HG02628	0.241199	0.258641	0.258435	0.241725
HG02629	0.240714	0.258661	0.258638	0.241987
HG02634	0.241481	0.257894	0.258364	0.242262
HG02635	0.241154	0.258341	0.258280	0.242225
HG02642	0.240483	0.258902	0.258775	0.241840
HG02643	0.241300	0.258399	0.258240	0.242061
HG02645	0.240792	0.258548	0.258509	0.242151
HG02646	0.241006	0.258548	0.258352	0.242094
HG02648	0.243785	0.256287	0.255344	0.244584
HG02649	0.243689	0.256166	0.255535	0.244609
HG02651	0.243645	0.255719	0.255703	0.244933
HG02652	0.244019	0.256279	0.255242	0.244459
HG02654	0.243956	0.255906	0.255352	0.244786
HG02655	0.243757	0.255921	0.255348	0.244974
HG02657	0.244153	0.255665	0.255336	0.244846
HG02658	0.243588	0.256305	0.255846	0.244261
HG02660	0.244032	0.256026	0.255352	0.244590
HG02661	0.243245	0.256373	0.255674	0.244708
HG02666	0.241110	0.258464	0.258403	0.242023
HG02667	0.241248	0.258175	0.258121	0.242456
HG02675	0.240427	0.258426	0.259027	0.242120
HG02676	0.241319	0.258507	0.258101	0.242072
HG02678	0.241362	0.258552	0.258076	0.242010
HG02679	0.241243	0.258745	0.258073	0.241938
HG02681	0.244118	0.255897	0.254964	0.245021
HG02682	0.243908	0.255844	0.255440	0.244808
HG02684	0.243790	0.256043	0.255190	0.244976
HG02685	0.243587	0.255906	0.255546	0.244961
HG02687	0.243749	0.255945	0.255669	0.244636
HG02688	0.243377	0.256175	0.255856	0.244593
HG02690	0.243478	0.256325	0.255638	0.244560
HG02691	0.243956	0.256125	0.255380	0.244540
HG02694	0.243796	0.255823	0.255547	0.244834
HG02696	0.243904	0.255675	0.255637	0.244783
HG02697	0.243672	0.255901	0.255521	0.244906
HG02699	0.243445	0.256230	0.255652	0.244673
HG02700	0.243805	0.255783	0.255261	0.245151
HG02702	0.240848	0.258305	0.258470	0.242378
HG02703	0.241197	0.258091	0.258332	0.242380
HG02715	0.241097	0.258703	0.258486	0.241713
HG02716	0.241474	0.258255	0.258154	0.242117
HG02721	0.241601	0.258302	0.257690	0.242407
HG02722	0.240467	0.258936	0.258471	0.242126
HG02724	0.243329	0.256565	0.256081	0.244025
HG02725	0.243781	0.255844	0.255328	0.245048
HG02727	0.243717	0.256091	0.255058	0.245134
HG02728	0.243423	0.255935	0.255738	0.244904
HG02731	0.243960	0.256326	0.255472	0.244242
HG02733	0.243849	0.256407	0.255334	0.244410
HG02734	0.243500	0.256089	0.255752	0.244659
HG02736	0.244076	0.255950	0.255346	0.244628
HG02737	0.243563	0.256055	0.255863	0.244519
HG02756	0.241333	0.258702	0.258406	0.241559
HG02757	0.241511	0.258412	0.258088	0.241989
HG02759	0.241180	0.258441	0.258082	0.242297
HG02760	0.240806	0.258720	0.258414	0.242060
HG02763	0.241151	0.258473	0.258166	0.242210
HG02768	0.240602	0.258126	0.258794	0.242478
HG02769	0.240973	0.258730	0.258576	0.241720
HG02771	0.240989	0.258989	0.258274	0.241748
HG02772	0.241214	0.258270	0.257793	0.242723
HG02774	0.243479	0.256397	0.255820	0.244304
HG02775	0.243600	0.256279	0.255472	0.244649
HG02778	0.243762	0.255734	0.255630	0.244874
HG02780	0.243776	0.256074	0.255362	0.244788
HG02783	0.243408	0.256001	0.256027	0.244563
HG02784	0.244080	0.255722	0.255330	0.244867
HG02786	0.243690	0.256031	0.255654	0.244625
HG02787	0.243766	0.255847	0.255678	0.244709
HG02789	0.243187	0.256058	0.256198	0.244557
HG02790	0.243410	0.256116	0.255565	0.244909
HG02792	0.243671	0.256245	0.255704	0.244380
HG02793	0.243898	0.256450	0.255340	0.244311
HG02798	0.241386	0.258380	0.258142	0.242093
HG02799	0.240655	0.258776	0.258556	0.242013
HG02804	0.240723	0.258996	0.258415	0.241867
HG02805	0.240753	0.258683	0.258415	0.242150
HG02807	0.241153	0.257964	0.258467	0.242416
HG02808	0.240602	0.258537	0.258531	0.242330
HG02810	0.241284	0.257876	0.258015	0.242825
HG02811	0.241349	0.258499	0.258199	0.241953
HG02813	0.241177	0.258873	0.258415	0.241535
HG02814	0.241077	0.258630	0.258094	0.242199
HG02816	0.241194	0.258598	0.258173	0.242035
HG02817	0.241227	0.258412	0.258405	0.241956
HG02819	0.240809	0.259007	0.258770	0.241415
HG02820	0.241050	0.258477	0.258014	0.242459
HG02836	0.241208	0.258366	0.258485	0.241941
HG02837	0.241323	0.258958	0.257882	0.241837
HG02839	0.241172	0.258067	0.258297	0.242464
HG02840	0.241442	0.258570	0.258061	0.241927
HG02851	0.241311	0.258245	0.257908	0.242536
HG02852	0.240967	0.259038	0.258275	0.241719
HG02854	0.240651	0.258873	0.258506	0.241971
HG02855	0.240907	0.258184	0.258341	0.242567
HG02860	0.241211	0.258283	0.258109	0.242396
HG02861	0.241336	0.258353	0.258160	0.242150
HG02870	0.241425	0.258342	0.258073	0.242160
HG02878	0.241381	0.258333	0.258075	0.242211
HG02879	0.241025	0.258522	0.258164	0.242289
HG02881	0.241080	0.258501	0.258504	0.241914
HG02882	0.241066	0.258177	0.258493	0.242264
HG02884	0.241023	0.258617	0.258463	0.241896
HG02885	0.241150	0.258395	0.257847	0.242607
HG02887	0.241290	0.258282	0.258421	0.242007
HG02888	0.240951	0.258465	0.258379	0.242206
HG02890	0.241263	0.257971	0.258407	0.242359
HG02891	0.241278	0.258622	0.258085	0.242015
HG02895	0.241163	0.258175	0.258373	0.242289
HG02896	0.241585	0.258433	0.258173	0.241809
HG02922	0.240937	0.258531	0.258566	0.241966
HG02923	0.241119	0.258314	0.258291	0.242275
HG02938	0.240726	0.258472	0.258454	0.242347
HG02941	0.241418	0.258023	0.258269	0.242291
HG02943	0.241395	0.258431	0.258368	0.241806
HG02944	0.240913	0.258253	0.258368	0.242465
HG02946	0.240958	0.258535	0.258549	0.241957
HG02947	0.240965	0.258585	0.258373	0.242078
HG02952	0.240693	0.258371	0.258774	0.242162
HG02953	0.241297	0.258421	0.258180	0.242102
HG02968	0.241020	0.258448	0.258522	0.242010
HG02970	0.240469	0.258649	0.258915	0.241968
HG02971	0.240759	0.258380	0.258656	0.242206
HG02973	0.241147	0.258765	0.258044	0.242044
HG02974	0.241569	0.258486	0.258206	0.241739
HG02976	0.240928	0.258917	0.258237	0.241918
HG02977	0.240863	0.258585	0.258506	0.242047
HG02979	0.241126	0.258168	0.258451	0.242255
HG02981	0.241011	0.258427	0.258510	0.242052
HG02982	0.241015	0.258406	0.258507	0.242072
HG02983	0.241359	0.258388	0.258122	0.242132
HG03006	0.243487	0.256135	0.256019	0.244358
HG03007	0.243466	0.256078	0.255621	0.244835
HG03009	0.243314	0.255701	0.255835	0.245151
HG03012	0.243618	0.256290	0.255654	0.244438
HG03015	0.244034	0.255866	0.255594	0.244506
HG03016	0.243911	0.255892	0.255660	0.244537
HG03018	0.243695	0.256453	0.255557	0.244296
HG03019	0.243652	0.256221	0.255698	0.244430
HG03021	0.243642	0.256385	0.255942	0.244032
HG03022	0.243310	0.256132	0.255912	0.244646
HG03024	0.241169	0.258092	0.258623	0.242116
HG03025	0.241232	0.258739	0.258064	0.241964
HG03027	0.241138	0.258819	0.258234	0.241808
HG03028	0.241145	0.258735	0.258185	0.241935
HG03039	0.240969	0.258736	0.258059	0.242236
HG03040	0.241237	0.258522	0.258451	0.241790
HG03045	0.240812	0.258851	0.258428	0.241909
HG03046	0.240877	0.258577	0.258478	0.242067
HG03048	0.241015	0.258603	0.258056	0.242325
HG03049	0.240564	0.258708	0.258803	0.241925
HG03052	0.240886	0.259042	0.258730	0.241342
HG03054	0.241074	0.258698	0.258710	0.241518
HG03055	0.240835	0.258770	0.258622	0.241773
HG03057	0.240633	0.258317	0.258615	0.242435
HG03058	0.240844	0.258757	0.258775	0.241624
HG03060	0.240821	0.258458	0.258602	0.242119
HG03061	0.240296	0.258466	0.258907	0.242331
HG03063	0.240978	0.258438	0.258457	0.242128
HG03064	0.240850	0.258236	0.258782	0.242132
HG03066	0.240561	0.258482	0.258606	0.242351
HG03069	0.240637	0.258707	0.258926	0.241729
HG03072	0.240696	0.258824	0.258698	0.241782
HG03073	0.241125	0.258044	0.258640	0.242191
HG03074	0.240876	0.258721	0.258487	0.241915
HG03077	0.240568	0.258663	0.258849	0.241920
HG03078	0.241025	0.258766	0.258450	0.241760
HG03079	0.240744	0.258909	0.258469	0.241879
HG03081	0.241130	0.258488	0.258164	0.242218
HG03082	0.240961	0.258534	0.258272	0.242233
HG03084	0.240668	0.258664	0.258686	0.241983
HG03085	0.240660	0.258787	0.258659	0.241894
HG03086	0.240616	0.258664	0.258953	0.241767
HG03088	0.240586	0.258507	0.258803	0.242104
HG03091	0.240854	0.258825	0.258523	0.241798
HG03095	0.241047	0.258687	0.258608	0.241659
HG03096	0.240682	0.258549	0.259026	0.241742
HG03097	0.240952	0.258450	0.258495	0.242102
HG03099	0.241136	0.258218	0.258388	0.242258
HG03100	0.241189	0.258376	0.258298	0.242137
HG03103	0.240850	0.258617	0.258992	0.241541
HG03105	0.240946	0.258700	0.258715	0.241639
HG03108	0.240509	0.258189	0.259017	0.242285
HG03109	0.240631	0.258570	0.258707	0.242091
HG03111	0.240768	0.258730	0.258394	0.242108
HG03112	0.240842	0.258677	0.258854	0.241626
HG03114	0.241294	0.258772	0.258078	0.241855
HG03115	0.240657	0.258893	0.258529	0.241921
HG03117	0.240849	0.258831	0.258376	0.241943
HG03118	0.241105	0.258485	0.258451	0.241959
HG03120	0.240874	0.258776	0.258721	0.241628
HG03121	0.241012	0.258293	0.258499	0.242196
HG03123	0.240774	0.258906	0.258485	0.241835
HG03124	0.241077	0.258062	0.258253	0.242608
HG03126	0.240774	0.258698	0.258855	0.241672
HG03127	0.240961	0.258570	0.258356	0.242113
HG03129	0.241279	0.258330	0.258103	0.242289
HG03130	0.240907	0.258724	0.258424	0.241946
HG03132	0.240545	0.258226	0.258745	0.242484
HG03133	0.240880	0.258904	0.258382	0.241835
HG03135	0.241181	0.258355	0.257975	0.242489
HG03136	0.240856	0.258748	0.258446	0.241950
HG03139	0.240810	0.258756	0.258678	0.241756
HG03157	0.240592	0.258512	0.258649	0.242247
HG03159	0.240815	0.258716	0.258748	0.241721
HG03160	0.240710	0.258376	0.258968	0.241945
HG03162	0.240667	0.258977	0.258394	0.241962
HG03163	0.240739	0.258770	0.258350	0.242141
HG03166	0.241217	0.258037	0.258394	0.242352
HG03168	0.240785	0.258864	0.258625	0.241726
HG03169	0.241156	0.258545	0.258573	0.241727
HG03172	0.240913	0.258205	0.258374	0.242507
HG03175	0.240787	0.258399	0.258629	0.242185
HG03189	0.240905	0.258709	0.258671	0.241715
HG03190	0.241266	0.258292	0.258322	0.242120
HG03193	0.240506	0.259022	0.258755	0.241718
HG03195	0.241175	0.258276	0.258307	0.242242
HG03196	0.240840	0.258647	0.258441	0.242072
HG03198	0.240809	0.258832	0.258860	0.241499
HG03199	0.240841	0.258403	0.258396	0.242361
HG03202	0.240937	0.258651	0.258436	0.241975
HG03209	0.240941	0.258380	0.258605	0.242074
HG03212	0.240355	0.258638	0.258843	0.242165
HG03224	0.240669	0.258809	0.258690	0.241832
HG03225	0.240542	0.258876	0.259102	0.241481
HG03228	0.243526	0.256474	0.255621	0.244379
HG03229	0.243425	0.255743	0.255891	0.244941
HG03234	0.243755	0.256021	0.255516	0.244709
HG03235	0.243904	0.256086	0.255320	0.244690
HG03237	0.244507	0.255739	0.255041	0.244712
HG03238	0.244035	0.256370	0.255178	0.244418
HG03240	0.241047	0.258202	0.258464	0.242287
HG03241	0.240721	0.258101	0.258712	0.242465
HG03246	0.241234	0.258172	0.258454	0.242140
HG03247	0.240931	0.258714	0.258519	0.241836
HG03258	0.241269	0.258486	0.258118	0.242126
HG03259	0.241014	0.258333	0.258099	0.242554
HG03265	0.240871	0.258301	0.258537	0.242292
HG03267	0.240997	0.258614	0.258344	0.242046
HG03268	0.241173	0.258614	0.258056	0.242156
HG03270	0.240878	0.258428	0.258715	0.241978
HG03271	0.240530	0.258568	0.258653	0.242249
HG03279	0.241108	0.258469	0.258361	0.242062
HG03280	0.240951	0.258558	0.258462	0.242029
HG03291	0.240890	0.258755	0.258620	0.241734
HG03294	0.240668	0.258565	0.258296	0.242471
HG03295	0.240834	0.258470	0.258595	0.242101
HG03297	0.240863	0.258423	0.258686	0.242028
HG03298	0.240832	0.259356	0.258507	0.241305
HG03300	0.240720	0.258954	0.258646	0.241680
HG03301	0.240910	0.258401	0.258353	0.242337
HG03303	0.241187	0.258411	0.258195	0.242206
HG03304	0.241039	0.258763	0.258281	0.241917
HG03311	0.241085	0.258424	0.258089	0.242402
HG03313	0.240660	0.258371	0.258438	0.242531
HG03342	0.241225	0.258338	0.257949	0.242488
HG03343	0.240599	0.258626	0.258540	0.242235
HG03351	0.240765	0.258223	0.258715	0.242297
HG03352	0.240990	0.258492	0.258102	0.242416
HG03354	0.240741	0.258463	0.258698	0.242097
HG03363	0.240946	0.258350	0.258359	0.242344
HG03366	0.241056	0.258611	0.258016	0.242317
HG03367	0.240472	0.258723	0.258828	0.241977
HG03369	0.241193	0.258257	0.258432	0.242118
HG03370	0.240681	0.258347	0.258556	0.242416
HG03372	0.241110	0.258474	0.258385	0.242031
HG03376	0.240839	0.258552	0.258366	0.242243
HG03378	0.240567	0.258883	0.258899	0.241651
HG03380	0.240827	0.258715	0.258515	0.241944
HG03382	0.241216	0.258757	0.258451	0.241576
HG03385	0.241035	0.259461	0.258109	0.241395
HG03388	0.240659	0.258620	0.258588	0.242133
HG03391	0.240483	0.258781	0.258579	0.242156
HG03394	0.240598	0.258983	0.258968	0.241451
HG03397	0.240954	0.258876	0.258748	0.241421
HG03401	0.240533	0.258796	0.258821	0.241849
HG03410	0.240256	0.258877	0.259052	0.241815
HG03419	0.241072	0.258650	0.258756	0.241522
HG03428	0.241016	0.258552	0.258373	0.242060
HG03432	0.240191	0.258497	0.259277	0.242034
HG03433	0.240895	0.258975	0.258489	0.241641
HG03436	0.240916	0.258510	0.258136	0.242438
HG03437	0.240863	0.258668	0.258281	0.242188
HG03439	0.240711	0.258832	0.258719	0.241738
HG03442	0.241383	0.258326	0.258056	0.242236
HG03445	0.241180	0.258394	0.258156	0.242270
HG03446	0.240816	0.258495	0.258555	0.242134
HG03449	0.240851	0.258552	0.258641	0.241957
HG03451	0.240674	0.259062	0.258895	0.241369
HG03452	0.240607	0.258706	0.258784	0.241903
HG03455	0.240660	0.258753	0.258778	0.241810
HG03457	0.240928	0.258357	0.258459	0.242256
HG03458	0.240730	0.258591	0.258935	0.241744
HG03460	0.241042	0.258172	0.258576	0.242209
HG03461	0.240799	0.259267	0.258552	0.241383
HG03464	0.240215	0.258677	0.258941	0.242168
HG03469	0.240696	0.258977	0.258603	0.241723
HG03470	0.240917	0.258805	0.258340	0.241938
HG03472	0.241095	0.258452	0.258570	0.241882
HG03473	0.240792	0.258950	0.258657	0.241600
HG03476	0.241179	0.258486	0.258480	0.241855
HG03478	0.240783	0.259086	0.258236	0.241895
HG03479	0.240702	0.258495	0.258750	0.242054
HG03484	0.240614	0.258750	0.258954	0.241682
HG03485	0.240739	0.258819	0.258679	0.241763
HG03488	0.244088	0.256168	0.255514	0.244229
HG03490	0.243675	0.256372	0.255756	0.244197
HG03491	0.243792	0.255971	0.255642	0.244595
HG03499	0.241594	0.258287	0.258348	0.241771
HG03511	0.240622	0.258864	0.258736	0.241779
HG03514	0.240797	0.258665	0.258371	0.242167
HG03515	0.241240	0.258296	0.258176	0.242287
HG03517	0.240687	0.258551	0.258261	0.242502
HG03518	0.241031	0.258537	0.258565	0.241867
HG03520	0.241252	0.258514	0.257895	0.242338
HG03521	0.241001	0.258762	0.258611	0.241626
HG03538	0.241450	0.258633	0.258398	0.241519
HG03539	0.241168	0.258252	0.258267	0.242313
HG03547	0.241283	0.258178	0.258264	0.242275
HG03548	0.240488	0.258798	0.259129	0.241586
HG03556	0.241081	0.258670	0.258802	0.241448
HG03557	0.241051	0.258476	0.258673	0.241800
HG03558	0.241061	0.258531	0.258589	0.241820
HG03559	0.241102	0.258255	0.258546	0.242097
HG03563	0.240486	0.258519	0.258787	0.242209
HG03565	0.240940	0.258437	0.258540	0.242083
HG03567	0.240789	0.258619	0.258529	0.242063
HG03571	0.241033	0.258705	0.258294	0.241968
HG03572	0.240802	0.259060	0.258452	0.241686
HG03575	0.240863	0.258817	0.258388	0.241933
HG03577	0.240918	0.258760	0.258596	0.241726
HG03578	0.240623	0.258725	0.258518	0.242134
HG03583	0.240687	0.259224	0.258653	0.241436
HG03585	0.243906	0.255779	0.255174	0.245141
HG03589	0.243544	0.256284	0.255814	0.244358
HG03593	0.244134	0.256046	0.255112	0.244709
HG03594	0.243719	0.256347	0.255157	0.244777
HG03595	0.244129	0.256346	0.255126	0.244399
HG03598	0.244230	0.255579	0.255219	0.244971
HG03600	0.244034	0.256069	0.255345	0.244552
HG03603	0.244194	0.255895	0.255333	0.244578
HG03604	0.243574	0.256324	0.256054	0.244048
HG03607	0.243771	0.255761	0.255680	0.244788
HG03611	0.243859	0.256204	0.255433	0.244504
HG03615	0.243499	0.255803	0.255767	0.244931
HG03616	0.243992	0.255653	0.255569	0.244786
HG03619	0.243816	0.256285	0.255585	0.244314
HG03624	0.243814	0.256272	0.255403	0.244511
HG03625	0.243436	0.256055	0.255532	0.244977
HG03629	0.243868	0.256165	0.255702	0.244265
HG03631	0.243679	0.256061	0.255646	0.244614
HG03634	0.243893	0.256306	0.255437	0.244364
HG03636	0.243930	0.256178	0.255267	0.244625
HG03640	0.244219	0.256129	0.255106	0.244546
HG03642	0.243280	0.256043	0.255971	0.244706
HG03643	0.244171	0.255660	0.255511	0.244657
HG03644	0.243618	0.256581	0.255700	0.244100
HG03645	0.243880	0.256385	0.255499	0.244236
HG03646	0.243743	0.255980	0.255891	0.244385
HG03649	0.243930	0.256267	0.255238	0.244564
HG03652	0.243827	0.256221	0.255028	0.244924
HG03653	0.243662	0.255733	0.255840	0.244765
HG03660	0.243782	0.255635	0.255368	0.245214
HG03663	0.244272	0.256028	0.255247	0.244452
HG03667	0.243676	0.256167	0.255749	0.244409
HG03668	0.244080	0.255624	0.255475	0.244821
HG03672	0.243454	0.255902	0.256105	0.244540
HG03673	0.243737	0.256099	0.255478	0.244686
HG03679	0.243792	0.255981	0.255300	0.244926
HG03680	0.243697	0.256245	0.255502	0.244557
HG03681	0.243922	0.255909	0.255484	0.244684
HG03684	0.243727	0.256177	0.255652	0.244444
HG03685	0.243723	0.256239	0.255493	0.244545
HG03686	0.243914	0.255915	0.255820	0.244350
HG03687	0.244039	0.255958	0.255418	0.244585
HG03689	0.243852	0.256317	0.255574	0.244257
HG03690	0.244177	0.256098	0.254999	0.244727
HG03691	0.244307	0.255678	0.255538	0.244477
HG03692	0.243722	0.255928	0.255553	0.244796
HG03693	0.243732	0.255910	0.255823	0.244534
HG03694	0.243748	0.256142	0.255696	0.244414
HG03695	0.243751	0.256086	0.255610	0.244553
HG03696	0.244072	0.255959	0.255737	0.244233
HG03697	0.243801	0.256074	0.255710	0.244415
HG03698	0.243794	0.256043	0.255830	0.244332
HG03702	0.243796	0.256060	0.255517	0.244628
HG03703	0.243667	0.256553	0.255365	0.244415
HG03705	0.243692	0.256642	0.255562	0.244103
HG03706	0.243827	0.256245	0.255515	0.244413
HG03708	0.243557	0.256046	0.255615	0.244783
HG03709	0.243799	0.255773	0.255569	0.244859
HG03711	0.244079	0.255827	0.255455	0.244639
HG03713	0.243389	0.256218	0.255553	0.244840
HG03714	0.243202	0.256159	0.256177	0.244462
HG03716	0.243942	0.256126	0.255134	0.244798
HG03717	0.243912	0.255780	0.255363	0.244944
HG03718	0.243529	0.256278	0.255985	0.244208
HG03720	0.243921	0.256988	0.255428	0.243663
HG03722	0.243966	0.255764	0.255649	0.244620
HG03727	0.243796	0.256163	0.255472	0.244569
HG03729	0.243844	0.255881	0.255321	0.244954
HG03730	0.243770	0.256029	0.255703	0.244498
HG03731	0.243733	0.255925	0.255727	0.244615
HG03733	0.243680	0.256085	0.255491	0.244743
HG03736	0.243092	0.256322	0.255767	0.244819
HG03738	0.243856	0.256201	0.255590	0.244352
HG03740	0.243708	0.256228	0.255514	0.244550
HG03741	0.243897	0.255874	0.255270	0.244960
HG03742	0.243746	0.256043	0.255806	0.244406
HG03743	0.244094	0.255928	0.255145	0.244833
HG03744	0.243469	0.256197	0.255635	0.244699
HG03745	0.243786	0.256288	0.255319	0.244607
HG03746	0.244180	0.255793	0.255124	0.244903
HG03750	0.243584	0.256296	0.255647	0.244473
HG03752	0.243704	0.256369	0.255781	0.244146
HG03753	0.244476	0.255880	0.255186	0.244458
HG03754	0.243890	0.256115	0.255546	0.244449
HG03755	0.243763	0.255850	0.255295	0.245092
HG03756	0.243999	0.255627	0.255498	0.244877
HG03757	0.244055	0.256011	0.255790	0.244143
HG03760	0.243644	0.255972	0.255809	0.244575
HG03762	0.243438	0.256299	0.255893	0.244370
HG03765	0.244159	0.255853	0.255255	0.244733
HG03767	0.243801	0.256109	0.255467	0.244623
HG03770	0.243588	0.255737	0.255855	0.244820
HG03771	0.243842	0.255966	0.255394	0.244798
HG03772	0.243865	0.256077	0.255931	0.244127
HG03773	0.243463	0.256031	0.255797	0.244708
HG03774	0.243958	0.255905	0.255523	0.244614
HG03775	0.243721	0.255908	0.255996	0.244376
HG03777	0.243597	0.255862	0.255687	0.244854
HG03778	0.243836	0.256094	0.255544	0.244527
HG03779	0.244063	0.255880	0.255576	0.244481
HG03780	0.243979	0.256097	0.255339	0.244584
HG03781	0.243621	0.256191	0.255693	0.244495
HG03782	0.243676	0.255719	0.255938	0.244667
HG03784	0.243868	0.255889	0.255761	0.244483
HG03785	0.243823	0.256033	0.255607	0.244537
HG03786	0.243546	0.255801	0.255834	0.244819
HG03787	0.243787	0.255840	0.255784	0.244589
HG03788	0.243673	0.256314	0.255883	0.244129
HG03789	0.243726	0.256090	0.255508	0.244676
HG03790	0.243717	0.256107	0.255678	0.244498
HG03792	0.243936	0.255939	0.255560	0.244565
HG03793	0.243987	0.256190	0.255407	0.244417
HG03796	0.243779	0.256087	0.255567	0.244567
HG03800	0.243722	0.256175	0.255804	0.244299
HG03802	0.243879	0.255630	0.255344	0.245148
HG03803	0.243596	0.255789	0.255755	0.244860
HG03805	0.243816	0.256409	0.255477	0.244298
HG03808	0.243542	0.256102	0.255651	0.244705
HG03809	0.243969	0.255308	0.255728	0.244996
HG03812	0.243565	0.256010	0.255880	0.244545
HG03814	0.243980	0.256373	0.255538	0.244109
HG03815	0.243728	0.256007	0.255960	0.244305
HG03817	0.243635	0.256184	0.255591	0.244590
HG03821	0.243934	0.255659	0.255475	0.244932
HG03823	0.243533	0.255618	0.255869	0.244980
HG03824	0.243698	0.256013	0.255537	0.244751
HG03826	0.244227	0.255922	0.255621	0.244229
HG03829	0.243964	0.255817	0.255413	0.244806
HG03830	0.243776	0.255952	0.255719	0.244553
HG03832	0.243565	0.256252	0.255798	0.244385
HG03833	0.243431	0.256301	0.255680	0.244588
HG03836	0.244037	0.255886	0.255415	0.244663
HG03837	0.243459	0.256253	0.255596	0.244692
HG03838	0.243731	0.255891	0.255966	0.244413
HG03844	0.243713	0.255894	0.255583	0.244810
HG03846	0.243761	0.256317	0.255526	0.244395
HG03848	0.243807	0.255967	0.255471	0.244755
HG03849	0.243713	0.256002	0.255588	0.244697
HG03850	0.243586	0.255829	0.255646	0.244938
HG03851	0.244502	0.255976	0.255125	0.244397
HG03854	0.243353	0.256361	0.255859	0.244427
HG03856	0.244180	0.256013	0.255496	0.244311
HG03857	0.243889	0.256460	0.255279	0.244372
HG03858	0.243541	0.256277	0.255621	0.244561
HG03861	0.243674	0.256077	0.255410	0.244839
HG03862	0.243736	0.256094	0.255419	0.244751
HG03863	0.243223	0.256418	0.255802	0.244557
HG03864	0.243694	0.256322	0.255388	0.244596
HG03866	0.243927	0.255969	0.255488	0.244616
HG03867	0.244213	0.255793	0.255400	0.244594
HG03868	0.243755	0.255879	0.255582	0.244783
HG03869	0.243846	0.256046	0.255504	0.244605
HG03870	0.243878	0.255773	0.255523	0.244826
HG03871	0.243757	0.255811	0.255538	0.244894
HG03872	0.243667	0.255808	0.255624	0.244901
HG03873	0.244068	0.255753	0.255021	0.245158
HG03874	0.243916	0.255740	0.255745	0.244599
HG03875	0.243461	0.256439	0.255448	0.244652
HG03882	0.243992	0.256479	0.255286	0.244243
HG03884	0.243876	0.256425	0.255423	0.244276
HG03885	0.243481	0.256164	0.255800	0.244555
HG03886	0.243685	0.256026	0.255665	0.244624
HG03887	0.243950	0.256259	0.255449	0.244343
HG03888	0.243533	0.256206	0.255646	0.244615
HG03890	0.243814	0.256039	0.255618	0.244529
HG03894	0.243107	0.256412	0.256245	0.244235
HG03895	0.243330	0.256001	0.255975	0.244694
HG03896	0.243515	0.256197	0.255797	0.244491
HG03897	0.243257	0.256070	0.255843	0.244831
HG03898	0.244026	0.255500	0.255647	0.244827
HG03899	0.243568	0.256255	0.255505	0.244671
HG03900	0.243280	0.255740	0.255685	0.245295
HG03902	0.243860	0.256046	0.255762	0.244331
HG03905	0.243551	0.255995	0.255740	0.244714
HG03907	0.244352	0.255691	0.255145	0.244812
HG03908	0.243704	0.256403	0.255277	0.244617
HG03910	0.244255	0.256241	0.255452	0.244052
HG03911	0.243743	0.255776	0.255607	0.244873
HG03913	0.243795	0.256217	0.255499	0.244489
HG03914	0.243269	0.256383	0.255885	0.244463
HG03916	0.243573	0.255924	0.255942	0.244560
HG03917	0.243426	0.256125	0.255838	0.244611
HG03919	0.243452	0.256202	0.255686	0.244660
HG03920	0.243768	0.256305	0.255499	0.244428
HG03922	0.243568	0.255906	0.255761	0.244766
HG03925	0.243945	0.256481	0.255582	0.243991
HG03926	0.243662	0.256043	0.255822	0.244474
HG03928	0.243631	0.255947	0.256049	0.244373
HG03931	0.243637	0.255762	0.255404	0.245197
HG03934	0.243810	0.256040	0.255452	0.244698
HG03937	0.244526	0.255936	0.255034	0.244504
HG03940	0.243710	0.255692	0.255680	0.244917
HG03941	0.243642	0.256183	0.255443	0.244732
HG03943	0.243856	0.256058	0.255709	0.244377
HG03944	0.243704	0.256233	0.255494	0.244569
HG03945	0.243620	0.256041	0.255589	0.244750
HG03947	0.244165	0.255987	0.254955	0.244892
HG03949	0.244109	0.256089	0.255286	0.244516
HG03950	0.243557	0.256626	0.255459	0.244358
HG03951	0.243943	0.256079	0.255400	0.244578
HG03953	0.243754	0.255798	0.255725	0.244724
HG03955	0.243297	0.256228	0.255790	0.244685
HG03960	0.243568	0.256271	0.255698	0.244463
HG03963	0.243907	0.255814	0.255716	0.244563
HG03965	0.243362	0.256301	0.255850	0.244488
HG03967	0.243597	0.255758	0.255654	0.244991
HG03968	0.243045	0.256025	0.256032	0.244898
HG03969	0.243535	0.256112	0.255680	0.244673
HG03971	0.243484	0.255894	0.256007	0.244614
HG03973	0.243633	0.256130	0.255699	0.244538
HG03974	0.243597	0.256049	0.255627	0.244727
HG03976	0.243314	0.256291	0.255901	0.244494
HG03977	0.243515	0.255914	0.255807	0.244764
HG03978	0.243376	0.255657	0.255947	0.245021
HG03985	0.243735	0.256125	0.255648	0.244492
HG03986	0.243918	0.255890	0.255523	0.244669
HG03989	0.243823	0.256076	0.255790	0.244311
HG03990	0.243983	0.256275	0.255416	0.244327
HG03991	0.243903	0.256096	0.255428	0.244572
HG03995	0.243648	0.256610	0.255659	0.244084
HG03998	0.243768	0.255860	0.255448	0.244924
HG03999	0.243975	0.255906	0.255404	0.244715
HG04001	0.243838	0.255953	0.255801	0.244408
HG04002	0.243593	0.255811	0.255547	0.245049
HG04003	0.243529	0.255907	0.255835	0.244730
HG04006	0.243318	0.256324	0.255538	0.244820
HG04014	0.243850	0.256052	0.255417	0.244681
HG04015	0.243700	0.256661	0.255434	0.244205
HG04017	0.243758	0.256005	0.255472	0.244764
HG04018	0.243884	0.255548	0.255692	0.244876
HG04019	0.243957	0.255749	0.255536	0.244758
HG04020	0.243494	0.256201	0.255838	0.244467
HG04022	0.243883	0.255979	0.255596	0.244542
HG04023	0.244043	0.256121	0.255364	0.244471
HG04025	0.243575	0.255930	0.255600	0.244895
HG04026	0.243396	0.255958	0.255745	0.244901
HG04029	0.243696	0.256346	0.255421	0.244537
HG04033	0.243477	0.256275	0.255669	0.244580
HG04035	0.243699	0.256332	0.255373	0.244596
HG04038	0.244026	0.255773	0.255552	0.244649
HG04039	0.243747	0.256301	0.255427	0.244525
HG04042	0.243776	0.255657	0.255605	0.244962
HG04047	0.243767	0.255600	0.255733	0.244900
HG04054	0.243629	0.255636	0.256073	0.244661
HG04056	0.243679	0.256000	0.255731	0.244590
HG04059	0.244066	0.256179	0.255541	0.244214
HG04060	0.243811	0.255429	0.255792	0.244968
HG04061	0.243241	0.255930	0.255507	0.245322
HG04062	0.243490	0.256033	0.255611	0.244866
HG04063	0.243936	0.255739	0.255716	0.244610
HG04070	0.243757	0.256075	0.255249	0.244920
HG04075	0.243730	0.255978	0.256042	0.244251
HG04076	0.243779	0.256270	0.255419	0.244532
HG04080	0.243662	0.255995	0.255503	0.244840
HG04090	0.243890	0.255920	0.255333	0.244857
HG04093	0.243547	0.256190	0.255632	0.244632
HG04094	0.243655	0.255801	0.255745	0.244799
HG04096	0.243685	0.256019	0.255779	0.244517
HG04098	0.243632	0.256340	0.255879	0.244150
HG04099	0.243653	0.255820	0.255811	0.244717
HG04100	0.243565	0.255862	0.255948	0.244625
HG04106	0.243921	0.255981	0.255499	0.244599
HG04107	0.244278	0.255653	0.255151	0.244919
HG04118	0.243565	0.256211	0.255681	0.244543
HG04131	0.243624	0.256332	0.255711	0.244333
HG04134	0.243527	0.256061	0.255984	0.244428
HG04140	0.243609	0.256094	0.255757	0.244541
HG04141	0.243440	0.255851	0.256064	0.244645
HG04144	0.243771	0.255562	0.255471	0.245196
HG04146	0.243560	0.256135	0.255528	0.244777
HG04152	0.243753	0.256314	0.255529	0.244404
HG04153	0.243657	0.255719	0.255710	0.244914
HG04155	0.244019	0.255698	0.255365	0.244917
HG04156	0.243708	0.255835	0.255484	0.244972
HG04158	0.243912	0.256305	0.255393	0.244391
HG04159	0.243830	0.256307	0.255342	0.244521
HG04161	0.243327	0.256161	0.255871	0.244641
HG04162	0.243165	0.255880	0.256000	0.244955
HG04164	0.244093	0.256078	0.255601	0.244228
HG04171	0.243836	0.255834	0.255446	0.244884
HG04173	0.243853	0.256117	0.255377	0.244652
HG04176	0.243639	0.256480	0.255549	0.244332
HG04177	0.244101	0.255962	0.255356	0.244581
HG04180	0.243875	0.255808	0.255375	0.244941
HG04182	0.243701	0.256555	0.255369	0.244375
HG04183	0.243902	0.255926	0.255405	0.244767
HG04185	0.243936	0.256049	0.255434	0.244581
HG04186	0.243830	0.256094	0.255496	0.244579
HG04188	0.243593	0.255617	0.255871	0.244920
HG04189	0.243499	0.256318	0.255767	0.244416
HG04194	0.243422	0.256272	0.255541	0.244764
HG04195	0.243440	0.256296	0.256124	0.244139
HG04198	0.243297	0.256341	0.255682	0.244680
HG04200	0.243948	0.256569	0.255584	0.243898
HG04202	0.244007	0.255959	0.255318	0.244717
HG04206	0.243707	0.256151	0.255456	0.244685
HG04209	0.243992	0.256012	0.255385	0.244611
HG04210	0.243823	0.256150	0.255541	0.244486
HG04211	0.243938	0.255711	0.255445	0.244906
HG04212	0.243233	0.256025	0.256117	0.244625
HG04214	0.243599	0.255956	0.255652	0.244793
HG04216	0.243841	0.255996	0.255700	0.244464
HG04219	0.243857	0.255840	0.255639	0.244664
HG04222	0.243619	0.256210	0.255475	0.244696
HG04225	0.243874	0.256071	0.255485	0.244569
HG04227	0.243963	0.256385	0.255318	0.244334
HG04229	0.243395	0.256223	0.255811	0.244570
HG04235	0.243767	0.255619	0.255793	0.244821
HG04238	0.243927	0.256376	0.255296	0.244401
HG04239	0.243779	0.255736	0.255588	0.244896
NA06984	0.243583	0.255954	0.255785	0.244677
NA06985	0.243812	0.256485	0.255454	0.244249
NA06986	0.243740	0.255639	0.255969	0.244652
NA06989	0.243912	0.256257	0.255339	0.244491
NA06994	0.244438	0.255962	0.254918	0.244682
NA07000	0.243686	0.256129	0.255556	0.244629
NA07037	0.244076	0.255905	0.255162	0.244858
NA07048	0.244000	0.255758	0.255401	0.244840
NA07051	0.243868	0.256367	0.255290	0.244475
NA07056	0.243382	0.256490	0.255699	0.244429
NA07347	0.243674	0.255891	0.255600	0.244835
NA07357	0.243650	0.255634	0.255683	0.245033
NA10847	0.243834	0.256077	0.255365	0.244724
NA10851	0.243523	0.256355	0.255544	0.244577
NA11829	0.243735	0.256064	0.255324	0.244878
NA11830	0.244174	0.255794	0.255122	0.244910
NA11831	0.243637	0.256301	0.255300	0.244762
NA11832	0.243621	0.256259	0.255846	0.244274
NA11840	0.244219	0.256073	0.255110	0.244599
NA11843	0.243480	0.256354	0.255514	0.244652
NA11881	0.243958	0.255390	0.255440	0.245211
NA11892	0.244040	0.255638	0.255119	0.245203
NA11893	0.243598	0.256070	0.255843	0.244489
NA11894	0.244121	0.256063	0.254825	0.244991
NA11918	0.243897	0.255680	0.255282	0.245140
NA11919	0.244061	0.255755	0.255768	0.244415
NA11920	0.243782	0.255704	0.255759	0.244755
NA11930	0.243253	0.255760	0.256064	0.244923
NA11931	0.243565	0.255759	0.255359	0.245317
NA11932	0.243662	0.256334	0.255635	0.244369
NA11933	0.243582	0.255941	0.255374	0.245104
NA11992	0.243921	0.255716	0.255735	0.244628
NA11994	0.243985	0.255932	0.255547	0.244537
NA11995	0.243789	0.255981	0.255650	0.244581
NA12003	0.243868	0.256351	0.255411	0.244370
NA12004	0.243892	0.256059	0.255407	0.244643
NA12005	0.243998	0.255811	0.255636	0.244554
NA12006	0.244048	0.255933	0.255603	0.244415
NA12043	0.244281	0.255388	0.255341	0.244990
NA12044	0.243273	0.256215	0.255886	0.244626
NA12045	0.243670	0.256192	0.255672	0.244466
NA12046	0.243436	0.256242	0.255986	0.244337
NA12058	0.244235	0.255849	0.255351	0.244565
NA12144	0.243457	0.256328	0.255824	0.244391
NA12154	0.243713	0.256135	0.255490	0.244661
NA12155	0.243845	0.255909	0.255504	0.244742
NA12156	0.243552	0.255845	0.255842	0.244761
NA12234	0.244554	0.255856	0.254872	0.244718
NA12249	0.243565	0.255836	0.255561	0.245039
NA12272	0.243237	0.256510	0.255931	0.244322
NA12273	0.243664	0.256078	0.255567	0.244691
NA12275	0.243744	0.256064	0.255383	0.244808
NA12282	0.243605	0.256072	0.255865	0.244459
NA12283	0.243935	0.256201	0.255365	0.244499
NA12286	0.243674	0.256248	0.255555	0.244524
NA12287	0.243428	0.256312	0.256006	0.244254
NA12340	0.243932	0.256230	0.255450	0.244388
NA12341	0.243557	0.256288	0.256037	0.244118
NA12342	0.244021	0.255951	0.255695	0.244332
NA12347	0.243552	0.255916	0.255601	0.244931
NA12348	0.243803	0.256113	0.255677	0.244407
NA12383	0.243645	0.256101	0.255879	0.244376
NA12399	0.244296	0.255793	0.255089	0.244823
NA12400	0.243990	0.255833	0.255390	0.244787
NA12413	0.243906	0.255985	0.255237	0.244872
NA12414	0.243807	0.255628	0.255472	0.245092
NA12489	0.243938	0.255891	0.255439	0.244732
NA12546	0.243945	0.256052	0.255506	0.244497
NA12716	0.243687	0.255836	0.255539	0.244938
NA12717	0.243783	0.256293	0.255580	0.244343
NA12718	0.243435	0.256337	0.255681	0.244546
NA12748	0.243947	0.256235	0.255152	0.244666
NA12749	0.243956	0.255964	0.255225	0.244855
NA12750	0.243791	0.255044	0.255811	0.245354
NA12751	0.243411	0.255943	0.255808	0.244837
NA12760	0.243990	0.255589	0.255616	0.244804
NA12761	0.243942	0.256090	0.255462	0.244507
NA12762	0.244073	0.255644	0.255442	0.244841
NA12763	0.243398	0.256435	0.255716	0.244450
NA12775	0.243924	0.255970	0.255389	0.244717
NA12776	0.244082	0.255758	0.255361	0.244799
NA12777	0.243452	0.256189	0.255527	0.244831
NA12778	0.243547	0.256022	0.255832	0.244598
NA12812	0.243822	0.255747	0.255733	0.244698
NA12813	0.244224	0.255992	0.255449	0.244335
NA12814	0.243949	0.256036	0.255329	0.244686
NA12815	0.243712	0.256346	0.255576	0.244367
NA12827	0.244277	0.255796	0.255354	0.244572
NA12828	0.243700	0.256007	0.255479	0.244813
NA12829	0.243446	0.256334	0.255777	0.244443
NA12830	0.243940	0.255768	0.255185	0.245107
NA12842	0.243960	0.256063	0.255466	0.244511
NA12843	0.244090	0.255939	0.255096	0.244875
NA12872	0.244046	0.256016	0.255391	0.244547
NA12873	0.243901	0.256196	0.255451	0.244452
NA12874	0.243768	0.255951	0.255489	0.244792
NA12878	0.243825	0.256100	0.255448	0.244628
NA12889	0.243975	0.256148	0.255438	0.244438
NA12890	0.243747	0.256199	0.255517	0.244537
NA18486	0.240751	0.258258	0.258501	0.242491
NA18488	0.240955	0.258820	0.258366	0.241859
NA18489	0.241485	0.258309	0.258090	0.242116
NA18498	0.241023	0.258549	0.258346	0.242082
NA18499	0.241490	0.258643	0.257822	0.242045
NA18501	0.241067	0.258971	0.258108	0.241854
NA18502	0.240946	0.258194	0.258424	0.242436
NA18504	0.241072	0.258267	0.258148	0.242512
NA18505	0.241107	0.258133	0.258285	0.242475
NA18507	0.241130	0.258227	0.258335	0.242308
NA18508	0.241354	0.258794	0.258166	0.241686
NA18510	0.240976	0.258747	0.258646	0.241632
NA18511	0.240925	0.258304	0.258526	0.242245
NA18516	0.241236	0.258334	0.258326	0.242104
NA18517	0.241177	0.258658	0.258193	0.241972
NA18519	0.240895	0.258656	0.258344	0.242106
NA18520	0.241080	0.258422	0.258684	0.241814
NA18522	0.241045	0.258591	0.258390	0.241974
NA18523	0.241022	0.258656	0.258635	0.241688
NA18525	0.243530	0.255958	0.255718	0.244794
NA18526	0.243673	0.255704	0.255701	0.244921
NA18528	0.243369	0.255779	0.255805	0.245048
NA18530	0.243525	0.255816	0.255841	0.244819
NA18531	0.243919	0.255573	0.255340	0.245167
NA18532	0.243835	0.255404	0.255246	0.245515
NA18533	0.243776	0.255687	0.255685	0.244852
NA18534	0.243057	0.256241	0.256060	0.244642
NA18535	0.243597	0.255535	0.255728	0.245140
NA18536	0.244082	0.255729	0.255128	0.245062
NA18537	0.243687	0.255514	0.255440	0.245359
NA18538	0.243440	0.255913	0.255719	0.244927
NA18539	0.243847	0.255234	0.255652	0.245268
NA18541	0.243899	0.256012	0.255379	0.244710
NA18542	0.243590	0.255666	0.255592	0.245152
NA18543	0.243445	0.255627	0.256041	0.244887
NA18544	0.244027	0.255537	0.255356	0.245080
NA18545	0.243326	0.255668	0.255574	0.245432
NA18546	0.243907	0.255701	0.255521	0.244870
NA18547	0.243301	0.255954	0.255920	0.244825
NA18548	0.243380	0.255570	0.255392	0.245657
NA18549	0.243647	0.255752	0.255341	0.245260
NA18550	0.243652	0.255380	0.255285	0.245683
NA18552	0.243906	0.255553	0.255677	0.244864
NA18553	0.243434	0.256087	0.255640	0.244840
NA18555	0.244081	0.255351	0.255215	0.245353
NA18557	0.243842	0.255728	0.255585	0.244846
NA18558	0.243274	0.255873	0.255603	0.245250
NA18559	0.243618	0.255691	0.255724	0.244967
NA18560	0.243565	0.255736	0.255696	0.245003
NA18561	0.243794	0.255539	0.255667	0.245000
NA18562	0.243886	0.255467	0.255389	0.245257
NA18563	0.243760	0.255533	0.255625	0.245082
NA18564	0.243927	0.255512	0.255726	0.244835
NA18565	0.243413	0.255457	0.255875	0.245254
NA18566	0.243682	0.255808	0.255484	0.245027
NA18567	0.243515	0.255741	0.255683	0.245060
NA18570	0.243792	0.255865	0.255416	0.244928
NA18571	0.243925	0.255751	0.255422	0.244902
NA18572	0.243306	0.255511	0.255948	0.245234
NA18573	0.243463	0.255874	0.255776	0.244887
NA18574	0.243675	0.255947	0.255253	0.245125
NA18577	0.243642	0.255812	0.255663	0.244884
NA18579	0.243713	0.255514	0.255705	0.245068
NA18582	0.243698	0.255612	0.255510	0.245180
NA18591	0.243655	0.255749	0.255683	0.244912
NA18592	0.243306	0.255465	0.255746	0.245482
NA18593	0.243363	0.255814	0.255871	0.244952
NA18595	0.243909	0.255826	0.255669	0.244596
NA18596	0.243444	0.256011	0.255857	0.244688
NA18597	0.243945	0.255903	0.255434	0.244718
NA18599	0.243413	0.255989	0.255921	0.244676
NA18602	0.243325	0.255781	0.255974	0.244920
NA18603	0.243455	0.255714	0.255602	0.245229
NA18605	0.243672	0.255936	0.255897	0.244496
NA18606	0.243095	0.256117	0.255894	0.244893
NA18608	0.243586	0.255828	0.255541	0.245045
NA18609	0.243373	0.256034	0.255395	0.245199
NA18610	0.243825	0.255903	0.255363	0.244908
NA18611	0.243312	0.255977	0.255870	0.244842
NA18612	0.243522	0.255666	0.255759	0.245054
NA18613	0.243250	0.256049	0.255793	0.244908
NA18614	0.243404	0.255823	0.255853	0.244920
NA18615	0.243786	0.255878	0.255481	0.244855
NA18616	0.243575	0.255780	0.255692	0.244953
NA18617	0.243755	0.255872	0.255597	0.244777
NA18618	0.243628	0.255860	0.255642	0.244869
NA18619	0.243370	0.255372	0.256014	0.245244
NA18620	0.243440	0.255850	0.255499	0.245212
NA18621	0.243730	0.255820	0.255592	0.244858
NA18622	0.243320	0.255684	0.255820	0.245176
NA18623	0.243957	0.255883	0.255276	0.244885
NA18624	0.243771	0.255652	0.255756	0.244821
NA18625	0.243602	0.255735	0.255726	0.244937
NA18626	0.243552	0.255698	0.255470	0.245280
NA18627	0.243377	0.255710	0.255808	0.245105
NA18628	0.243606	0.255631	0.255673	0.245090
NA18629	0.243463	0.255951	0.255881	0.244704
NA18630	0.243905	0.255865	0.255374	0.244855
NA18631	0.243737	0.255997	0.255557	0.244709
NA18632	0.243741	0.255631	0.255347	0.245281
NA18633	0.243755	0.255811	0.255409	0.245025
NA18634	0.243346	0.255550	0.255865	0.245240
NA18635	0.243478	0.255764	0.255906	0.244852
NA18636	0.243460	0.255926	0.255696	0.244918
NA18637	0.243739	0.255526	0.255755	0.244981
NA18638	0.243870	0.256237	0.255316	0.244577
NA18639	0.243790	0.255355	0.255538	0.245317
NA18640	0.243845	0.255669	0.255690	0.244795
NA18641	0.243618	0.256201	0.255632	0.244550
NA18642	0.243414	0.256025	0.255678	0.244883
NA18643	0.243425	0.255772	0.255623	0.245180
NA18644	0.243498	0.255953	0.255454	0.245095
NA18645	0.244022	0.255842	0.255202	0.244935
NA18646	0.243351	0.255951	0.255912	0.244786
NA18647	0.243367	0.255884	0.255748	0.245001
NA18648	0.243462	0.255312	0.255830	0.245396
NA18740	0.243884	0.255770	0.255249	0.245098
NA18745	0.243988	0.255864	0.255071	0.245078
NA18747	0.243290	0.255891	0.256059	0.244759
NA18748	0.243809	0.255869	0.255485	0.244837
NA18749	0.243618	0.255714	0.255657	0.245010
NA18757	0.243744	0.255765	0.255471	0.245020
NA18853	0.240961	0.258477	0.258179	0.242383
NA18856	0.241190	0.258515	0.258329	0.241967
NA18858	0.240750	0.258871	0.258135	0.242244
NA18861	0.240764	0.258861	0.258388	0.241986
NA18864	0.240814	0.258784	0.258590	0.241813
NA18865	0.240912	0.258471	0.258546	0.242072
NA18867	0.241118	0.258434	0.258294	0.242153
NA18868	0.241192	0.258032	0.258244	0.242532
NA18870	0.240880	0.258635	0.258659	0.241826
NA18871	0.241154	0.258178	0.258260	0.242408
NA18873	0.241043	0.258823	0.258216	0.241918
NA18874	0.241019	0.259106	0.258397	0.241478
NA18876	0.241115	0.258201	0.258202	0.242483
NA18877	0.240659	0.258602	0.258533	0.242206
NA18878	0.240556	0.258326	0.258875	0.242243
NA18879	0.240729	0.258419	0.258764	0.242088
NA18881	0.241276	0.258516	0.258101	0.242107
NA18907	0.240901	0.258446	0.258367	0.242286
NA18908	0.240706	0.258636	0.258706	0.241952
NA18909	0.240999	0.258044	0.258630	0.242326
NA18910	0.241121	0.258447	0.258433	0.241998
NA18912	0.240931	0.258509	0.258252	0.242309
NA18915	0.241441	0.258418	0.258103	0.242037
NA18916	0.240871	0.258756	0.258567	0.241807
NA18917	0.240479	0.259315	0.258671	0.241536
NA18923	0.241154	0.258413	0.257996	0.242437
NA18924	0.241116	0.258201	0.258326	0.242357
NA18933	0.240680	0.258793	0.258620	0.241908
NA18934	0.240944	0.258385	0.258573	0.242099
NA18939	0.243342	0.256225	0.255762	0.244671
NA18940	0.243747	0.255353	0.255583	0.245317
NA18941	0.243505	0.255764	0.256141	0.244590
NA18942	0.243362	0.255718	0.255998	0.244921
NA18943	0.243439	0.256086	0.255951	0.244524
NA18944	0.243636	0.255523	0.255636	0.245205
NA18945	0.243237	0.255469	0.255945	0.245349
NA18946	0.243458	0.255951	0.255894	0.244697
NA18947	0.243596	0.255789	0.255627	0.244988
NA18948	0.243409	0.255535	0.255669	0.245387
NA18949	0.243730	0.255755	0.255490	0.245024
NA18950	0.243541	0.256165	0.255697	0.244598
NA18951	0.243270	0.255315	0.256184	0.245231
NA18952	0.243820	0.255558	0.255401	0.245222
NA18953	0.243739	0.255520	0.255631	0.245110
NA18954	0.243601	0.255475	0.255366	0.245557
NA18956	0.243221	0.256089	0.255744	0.244946
NA18957	0.243352	0.255639	0.255715	0.245295
NA18959	0.243447	0.255928	0.255634	0.244991
NA18960	0.243668	0.255852	0.255596	0.244884
NA18961	0.243399	0.255286	0.255823	0.245492
NA18962	0.243892	0.255595	0.255345	0.245169
NA18963	0.243847	0.255546	0.255484	0.245123
NA18964	0.243465	0.255897	0.255447	0.245191
NA18965	0.243316	0.255838	0.255723	0.245123
NA18966	0.243021	0.255784	0.256264	0.244932
NA18967	0.243606	0.255285	0.255672	0.245438
NA18968	0.243401	0.256032	0.255783	0.244783
NA18969	0.243142	0.255787	0.255800	0.245270
NA18970	0.243678	0.255715	0.255781	0.244826
NA18971	0.243871	0.255293	0.255585	0.245252
NA18972	0.243252	0.255994	0.256204	0.244550
NA18973	0.243895	0.255365	0.255463	0.245277
NA18974	0.243199	0.255679	0.256078	0.245044
NA18975	0.243338	0.255770	0.255899	0.244994
NA18976	0.243678	0.255730	0.255526	0.245066
NA18977	0.243617	0.255851	0.255550	0.244982
NA18978	0.243351	0.255915	0.255688	0.245046
NA18979	0.243782	0.255828	0.254985	0.245406
NA18980	0.243714	0.255767	0.255159	0.245360
NA18981	0.243741	0.255993	0.255348	0.244919
NA18982	0.243679	0.255845	0.255826	0.244650
NA18983	0.243514	0.255826	0.255558	0.245103
NA18984	0.243514	0.255686	0.255889	0.244911
NA18985	0.243524	0.255855	0.255698	0.244923
NA18986	0.243707	0.256052	0.255497	0.244744
NA18987	0.244224	0.255772	0.255045	0.244959
NA18988	0.244101	0.255808	0.255117	0.244974
NA18989	0.243745	0.255804	0.255208	0.245243
NA18990	0.243909	0.255517	0.255306	0.245268
NA18991	0.243749	0.255642	0.255680	0.244928
NA18992	0.244042	0.255669	0.255290	0.245000
NA18993	0.243563	0.255592	0.255425	0.245420
NA18994	0.243739	0.255751	0.255672	0.244838
NA18995	0.243512	0.255581	0.255707	0.245200
NA18997	0.243758	0.255661	0.255614	0.244967
NA18998	0.243552	0.255835	0.255863	0.244750
NA18999	0.243764	0.255884	0.255299	0.245054
NA19000	0.243790	0.255681	0.255197	0.245331
NA19001	0.243344	0.255590	0.255965	0.245101
NA19002	0.243691	0.255984	0.255519	0.244807
NA19003	0.243688	0.255672	0.255549	0.245092
NA19004	0.243489	0.256111	0.255539	0.244861
NA19005	0.243296	0.255916	0.255840	0.244948
NA19006	0.243397	0.255685	0.255927	0.244991
NA19007	0.243856	0.255676	0.255467	0.245001
NA19009	0.243641	0.255695	0.255648	0.245016
NA19010	0.244038	0.255404	0.255148	0.245410
NA19011	0.243316	0.256172	0.255544	0.244968
NA19012	0.243434	0.255755	0.255579	0.245233
NA19017	0.241049	0.258666	0.258305	0.241980
NA19019	0.241345	0.258192	0.258355	0.242108
NA19020	0.241258	0.258117	0.258319	0.242306
NA19023	0.240610	0.258963	0.258586	0.241841
NA19024	0.241096	0.258309	0.258505	0.242090
NA19025	0.241062	0.258688	0.258476	0.241774
NA19026	0.241543	0.258182	0.258050	0.242226
NA19027	0.240938	0.258344	0.258714	0.242004
NA19028	0.240871	0.258271	0.258628	0.242230
NA19030	0.241249	0.258299	0.258041	0.242412
NA19031	0.241178	0.258205	0.258470	0.242147
NA19035	0.241027	0.258688	0.258422	0.241863
NA19036	0.240874	0.258779	0.258382	0.241965
NA19037	0.241219	0.258884	0.258178	0.241719
NA19038	0.241068	0.258599	0.258341	0.241993
NA19041	0.240867	0.258538	0.258519	0.242076
NA19042	0.240940	0.258606	0.258737	0.241717
NA19043	0.241546	0.258735	0.257891	0.241828
NA19054	0.243131	0.255871	0.255859	0.245139
NA19055	0.243617	0.255867	0.255789	0.244727
NA19056	0.243394	0.255389	0.256143	0.245074
NA19057	0.243665	0.255490	0.255272	0.245574
NA19058	0.243687	0.255595	0.255300	0.245417
NA19059	0.244053	0.255765	0.255140	0.245042
NA19060	0.243578	0.255965	0.255722	0.244735
NA19062	0.243719	0.255460	0.255440	0.245381
NA19063	0.243641	0.255660	0.255665	0.245035
NA19064	0.243606	0.255998	0.255559	0.244837
NA19065	0.243689	0.255203	0.255609	0.245499
NA19066	0.243357	0.255640	0.255593	0.245410
NA19067	0.243135	0.255757	0.255912	0.245196
NA19068	0.243710	0.255502	0.255547	0.245241
NA19070	0.244073	0.255570	0.255382	0.244974
NA19072	0.243722	0.255547	0.255597	0.245134
NA19074	0.243398	0.255627	0.255886	0.245089
NA19075	0.243759	0.255835	0.255434	0.244972
NA19076	0.243566	0.255398	0.255776	0.245260
NA19077	0.243675	0.255934	0.255405	0.244986
NA19078	0.243587	0.255430	0.255789	0.245194
NA19079	0.243838	0.255532	0.255339	0.245292
NA19080	0.243740	0.256114	0.255068	0.245078
NA19081	0.243835	0.255439	0.255629	0.245098
NA19082	0.243211	0.255592	0.255986	0.245211
NA19083	0.243426	0.256093	0.255592	0.244889
NA19084	0.243553	0.255617	0.255886	0.244944
NA19085	0.243523	0.255952	0.255544	0.244981
NA19086	0.243260	0.255680	0.255928	0.245132
NA19087	0.243756	0.255888	0.255506	0.244850
NA19088	0.243282	0.255995	0.255545	0.245179
NA19089	0.243686	0.255555	0.255432	0.245327
NA19090	0.243961	0.255457	0.255062	0.245520
NA19091	0.243422	0.255420	0.255876	0.245282
NA19092	0.240836	0.258394	0.258783	0.241986
NA19093	0.240750	0.258243	0.259052	0.241955
NA19095	0.240680	0.258835	0.258300	0.242185
NA19096	0.240855	0.258127	0.258741	0.242277
NA19098	0.241055	0.258600	0.258094	0.242251
NA19099	0.241059	0.258768	0.258680	0.241494
NA19102	0.240890	0.258108	0.258350	0.242652
NA19107	0.240802	0.258275	0.258470	0.242453
NA19108	0.241154	0.258176	0.258272	0.242398
NA19113	0.240927	0.258852	0.258285	0.241936
NA19114	0.241260	0.258493	0.258389	0.241858
NA19116	0.240857	0.258468	0.258402	0.242273
NA19117	0.241341	0.258421	0.257919	0.242319
NA19118	0.241213	0.258103	0.258224	0.242460
NA19119	0.241150	0.258371	0.258602	0.241877
NA19121	0.240815	0.258471	0.258643	0.242071
NA19129	0.241236	0.258479	0.258032	0.242253
NA19130	0.240910	0.258649	0.258374	0.242067
NA19131	0.240953	0.258145	0.258475	0.242427
NA19137	0.240646	0.258692	0.258663	0.241999
NA19138	0.241114	0.258356	0.258568	0.241962
NA19141	0.241040	0.258162	0.258451	0.242347
NA19143	0.241528	0.258650	0.257787	0.242034
NA19144	0.241008	0.258116	0.258183	0.242693
NA19146	0.240848	0.259004	0.258376	0.241772
NA19147	0.240946	0.258177	0.258790	0.242087
NA19149	0.240423	0.258184	0.258938	0.242455
NA19152	0.241132	0.258837	0.258376	0.241655
NA19153	0.241512	0.258354	0.257962	0.242172
NA19159	0.240975	0.258843	0.258562	0.241620
NA19160	0.240877	0.258516	0.258445	0.242162
NA19171	0.240957	0.258202	0.258388	0.242453
NA19172	0.240907	0.258752	0.258646	0.241695
NA19175	0.241151	0.258876	0.258298	0.241674
NA19184	0.240961	0.258525	0.258443	0.242071
NA19185	0.241496	0.258749	0.257922	0.241833
NA19189	0.240989	0.258350	0.258807	0.241854
NA19190	0.241107	0.258617	0.258448	0.241828
NA19197	0.241111	0.258222	0.258328	0.242340
NA19198	0.240746	0.258613	0.258402	0.242239
NA19200	0.240755	0.258807	0.258537	0.241900
NA19201	0.240768	0.258525	0.258642	0.242064
NA19204	0.241158	0.258370	0.258372	0.242100
NA19206	0.241217	0.258871	0.258050	0.241861
NA19207	0.241497	0.258567	0.257832	0.242105
NA19209	0.241040	0.258343	0.258525	0.242093
NA19210	0.241292	0.258260	0.258368	0.242081
NA19213	0.241118	0.258586	0.258132	0.242165
NA19214	0.241159	0.258323	0.258043	0.242475
NA19222	0.240316	0.258532	0.258890	0.242263
NA19223	0.240599	0.258730	0.258744	0.241927
NA19225	0.240842	0.258851	0.258428	0.241879
NA19235	0.240874	0.258615	0.258300	0.242210
NA19236	0.240758	0.258766	0.258196	0.242280
NA19238	0.240897	0.258475	0.258620	0.242007
NA19239	0.240764	0.258774	0.258391	0.242070
NA19247	0.240628	0.259152	0.258865	0.241354
NA19248	0.240957	0.258331	0.258712	0.242001
NA19256	0.240616	0.258374	0.258766	0.242244
NA19257	0.240838	0.258130	0.258664	0.242369
NA19307	0.240973	0.258228	0.258349	0.242450
NA19308	0.240759	0.258534	0.258404	0.242302
NA19309	0.240977	0.258237	0.258233	0.242554
NA19310	0.241158	0.258710	0.258229	0.241903
NA19312	0.241177	0.258464	0.258235	0.242124
NA19314	0.241492	0.258346	0.257995	0.242167
NA19315	0.241601	0.258168	0.258270	0.241960
NA19316	0.241329	0.258320	0.258012	0.242339
NA19317	0.240945	0.258413	0.258664	0.241978
NA19318	0.240618	0.258257	0.258780	0.242346
NA19319	0.240909	0.258264	0.258426	0.242402
NA19320	0.241078	0.258088	0.258359	0.242474
NA19321	0.240809	0.258424	0.258778	0.241989
NA19323	0.241479	0.258133	0.258420	0.241968
NA19324	0.241297	0.258427	0.258292	0.241984
NA19327	0.241307	0.258702	0.258127	0.241864
NA19328	0.241071	0.258446	0.258875	0.241608
NA19331	0.240946	0.258255	0.258615	0.242185
NA19332	0.240784	0.258439	0.258694	0.242083
NA19334	0.240996	0.258356	0.258803	0.241846
NA19338	0.241349	0.258536	0.258251	0.241864
NA19346	0.241065	0.257894	0.258510	0.242532
NA19347	0.240954	0.258679	0.258371	0.241996
NA19350	0.240809	0.258825	0.258740	0.241625
NA19351	0.241160	0.258366	0.258152	0.242322
NA19355	0.240834	0.259130	0.258567	0.241469
NA19360	0.240529	0.258699	0.258816	0.241956
NA19372	0.240805	0.258934	0.258617	0.241644
NA19374	0.240810	0.258394	0.258983	0.241813
NA19375	0.241392	0.258017	0.258287	0.242304
NA19376	0.241064	0.258436	0.258412	0.242089
NA19377	0.240719	0.258379	0.258573	0.242330
NA19378	0.241537	0.258139	0.258084	0.242240
NA19379	0.240847	0.258165	0.258821	0.242167
NA19380	0.241357	0.258701	0.257954	0.241988
NA19383	0.240895	0.258665	0.258434	0.242006
NA19384	0.241520	0.258345	0.258075	0.242060
NA19385	0.241363	0.258119	0.258032	0.242486
NA19390	0.241084	0.258504	0.258558	0.241855
NA19391	0.241531	0.258130	0.258233	0.242106
NA19393	0.240937	0.258696	0.258615	0.241751
NA19394	0.241261	0.258435	0.258201	0.242103
NA19395	0.241057	0.258650	0.258382	0.241911
NA19397	0.241192	0.258781	0.258311	0.241716
NA19399	0.240759	0.258563	0.258753	0.241925
NA19401	0.241210	0.258722	0.258153	0.241915
NA19403	0.241787	0.258241	0.257958	0.242014
NA19404	0.240918	0.258531	0.258127	0.242423
NA19428	0.241354	0.258887	0.257803	0.241956
NA19429	0.240972	0.258177	0.258483	0.242368
NA19430	0.240625	0.258598	0.258720	0.242057
NA19431	0.240976	0.258932	0.258394	0.241698
NA19434	0.241329	0.258228	0.258230	0.242213
NA19435	0.241246	0.258573	0.258194	0.241986
NA19436	0.240969	0.257956	0.258528	0.242548
NA19437	0.241118	0.258652	0.258641	0.241588
NA19438	0.240947	0.258852	0.258920	0.241280
NA19439	0.241398	0.257987	0.258272	0.242343
NA19440	0.241028	0.257992	0.258522	0.242458
NA19443	0.241245	0.258837	0.257858	0.242060
NA19445	0.241062	0.258151	0.258348	0.242439
NA19446	0.240984	0.258159	0.258576	0.242281
NA19448	0.240999	0.258574	0.258278	0.242150
NA19449	0.240596	0.258492	0.258577	0.242334
NA19451	0.241372	0.258247	0.258314	0.242066
NA19452	0.240970	0.258533	0.258439	0.242057
NA19454	0.241165	0.257957	0.258226	0.242652
NA19455	0.241033	0.258980	0.258429	0.241558
NA19456	0.240795	0.259013	0.258409	0.241782
NA19457	0.241152	0.258571	0.258454	0.241823
NA19461	0.241778	0.258275	0.257581	0.242367
NA19462	0.240950	0.258245	0.258375	0.242430
NA19463	0.241347	0.258310	0.258112	0.242232
NA19466	0.240936	0.258935	0.258297	0.241832
NA19467	0.241433	0.258538	0.258234	0.241794
NA19468	0.240829	0.258587	0.258647	0.241938
NA19471	0.241233	0.258118	0.258290	0.242360
NA19472	0.241094	0.258646	0.258257	0.242004
NA19473	0.240874	0.258430	0.258334	0.242361
NA19474	0.240918	0.258620	0.258278	0.242184
NA19475	0.241460	0.258384	0.258258	0.241899
NA19648	0.243999	0.256248	0.255348	0.244404
NA19649	0.244090	0.255783	0.255533	0.244594
NA19651	0.243573	0.256068	0.255921	0.244437
NA19652	0.243780	0.256162	0.255650	0.244409
NA19654	0.243641	0.256222	0.255418	0.244719
NA19655	0.243814	0.255598	0.255452	0.245135
NA19657	0.243184	0.256017	0.255998	0.244801
NA19658	0.243439	0.256303	0.255909	0.244349
NA19661	0.243223	0.255877	0.256072	0.244829
NA19663	0.243437	0.255961	0.255584	0.245018
NA19664	0.243597	0.256000	0.255606	0.244798
NA19669	0.243403	0.256299	0.255308	0.244991
NA19670	0.243970	0.256099	0.255372	0.244559
NA19676	0.244112	0.255880	0.255369	0.244638
NA19678	0.243670	0.256224	0.255672	0.244434
NA19679	0.243360	0.255979	0.255780	0.244881
NA19681	0.243557	0.256153	0.255688	0.244602
NA19682	0.243888	0.255796	0.255562	0.244755
NA19684	0.243600	0.256211	0.255773	0.244416
NA19716	0.243499	0.256075	0.255446	0.244979
NA19717	0.243943	0.255337	0.255511	0.245209
NA19719	0.243921	0.255886	0.255472	0.244721
NA19720	0.243618	0.255954	0.255510	0.244918
NA19722	0.243885	0.255993	0.255260	0.244863
NA19723	0.243912	0.256405	0.255365	0.244318
NA19725	0.243902	0.256082	0.255532	0.244484
NA19726	0.243900	0.255627	0.255274	0.245199
NA19728	0.243688	0.256132	0.255195	0.244985
NA19729	0.243510	0.255843	0.255550	0.245097
NA19731	0.243542	0.255737	0.255891	0.244829
NA19732	0.243580	0.255643	0.255668	0.245109
NA19734	0.243306	0.255967	0.255756	0.244971
NA19735	0.243666	0.256029	0.255422	0.244882
NA19740	0.243875	0.255627	0.255655	0.244843
NA19741	0.243753	0.255301	0.255704	0.245241
NA19746	0.244022	0.255318	0.255492	0.245169
NA19747	0.243755	0.256036	0.255366	0.244843
NA19749	0.243940	0.256545	0.255191	0.244324
NA19750	0.243949	0.256393	0.255372	0.244286
NA19752	0.243425	0.255460	0.255998	0.245116
NA19755	0.243416	0.256124	0.255731	0.244728
NA19756	0.243374	0.256030	0.255773	0.244823
NA19758	0.243508	0.255930	0.255621	0.244940
NA19759	0.243618	0.255600	0.255749	0.245033
NA19761	0.243799	0.255499	0.255723	0.244979
NA19762	0.243244	0.256284	0.255890	0.244582
NA19764	0.243440	0.256287	0.255779	0.244493
NA19770	0.243007	0.255908	0.255984	0.245101
NA19771	0.243967	0.255704	0.255526	0.244804
NA19773	0.243591	0.255777	0.255956	0.244676
NA19774	0.243401	0.255864	0.255488	0.245247
NA19776	0.243796	0.256147	0.255508	0.244548
NA19777	0.243177	0.256323	0.255801	0.244699
NA19779	0.243539	0.256069	0.255767	0.244625
NA19780	0.243840	0.255963	0.255566	0.244632
NA19782	0.243478	0.256332	0.256031	0.244158
NA19783	0.243808	0.255548	0.255461	0.245182
NA19785	0.243692	0.255851	0.255670	0.244787
NA19786	0.243837	0.255925	0.255263	0.244975
NA19788	0.243338	0.255918	0.255642	0.245103
NA19789	0.243996	0.256066	0.255181	0.244758
NA19792	0.243714	0.256177	0.255379	0.244730
NA19794	0.243541	0.256096	0.255691	0.244672
NA19795	0.243109	0.255922	0.256246	0.244723
NA20502	0.243938	0.256433	0.255458	0.244171
NA20503	0.244064	0.255857	0.255586	0.244493
NA20504	0.243801	0.256138	0.255408	0.244652
NA20505	0.244119	0.255819	0.255410	0.244652
NA20506	0.244176	0.256010	0.255512	0.244302
NA20507	0.244082	0.255950	0.255362	0.244607
NA20508	0.244115	0.255945	0.255432	0.244508
NA20509	0.243871	0.255571	0.255539	0.245018
NA20510	0.243706	0.255546	0.255748	0.245000
NA20511	0.243391	0.255850	0.255828	0.244932
NA20512	0.244135	0.256028	0.255350	0.244486
NA20513	0.243811	0.255983	0.255492	0.244714
NA20514	0.243362	0.256390	0.255866	0.244382
NA20515	0.243657	0.256423	0.255446	0.244474
NA20516	0.243746	0.255591	0.255498	0.245166
NA20517	0.243657	0.255891	0.255907	0.244545
NA20518	0.244201	0.255698	0.255369	0.244732
NA20519	0.244004	0.255993	0.255430	0.244574
NA20520	0.243735	0.255937	0.255389	0.244939
NA20521	0.243882	0.255959	0.255524	0.244635
NA20522	0.243909	0.255894	0.255776	0.244421
NA20524	0.243486	0.256260	0.255743	0.244511
NA20525	0.243116	0.256143	0.255935	0.244806
NA20527	0.244106	0.256178	0.255570	0.244146
NA20528	0.243812	0.256277	0.255514	0.244397
NA20529	0.243649	0.255630	0.255676	0.245045
NA20530	0.243820	0.256242	0.255318	0.244620
NA20531	0.243415	0.256158	0.255877	0.244551
NA20532	0.244222	0.256109	0.254903	0.244765
NA20533	0.243801	0.256542	0.255457	0.244200
NA20534	0.243529	0.255849	0.255852	0.244771
NA20535	0.244323	0.255781	0.255364	0.244532
NA20536	0.243865	0.256190	0.255446	0.244498
NA20538	0.243737	0.256139	0.255449	0.244676
NA20539	0.243811	0.256482	0.255189	0.244519
NA20540	0.243110	0.256354	0.256020	0.244516
NA20541	0.244244	0.255963	0.255226	0.244568
NA20542	0.243650	0.256182	0.255449	0.244720
NA20543	0.243857	0.255996	0.255530	0.244617
NA20544	0.243697	0.256159	0.256144	0.243999
NA20581	0.243701	0.256451	0.255381	0.244466
NA20582	0.243514	0.256431	0.255618	0.244437
NA20585	0.243407	0.256090	0.255633	0.244869
NA20586	0.243773	0.256227	0.255502	0.244498
NA20587	0.244160	0.255948	0.255199	0.244694
NA20588	0.243320	0.256243	0.256046	0.244391
NA20589	0.243722	0.255881	0.255283	0.245113
NA20752	0.243413	0.256096	0.255774	0.244718
NA20753	0.243745	0.256372	0.255484	0.244400
NA20754	0.243664	0.256199	0.255780	0.244357
NA20755	0.243978	0.255922	0.255710	0.244390
NA20756	0.243905	0.256161	0.255420	0.244514
NA20757	0.243785	0.256208	0.255490	0.244518
NA20758	0.243684	0.256100	0.255786	0.244430
NA20759	0.243458	0.255991	0.256007	0.244544
NA20760	0.243724	0.255963	0.255498	0.244815
NA20761	0.243865	0.255886	0.255595	0.244653
NA20762	0.243550	0.255931	0.255688	0.244831
NA20763	0.243553	0.255908	0.255652	0.244887
NA20764	0.243896	0.255991	0.255331	0.244782
NA20765	0.243844	0.256045	0.255835	0.244276
NA20766	0.243660	0.256183	0.255414	0.244744
NA20767	0.243527	0.255835	0.255992	0.244647
NA20768	0.244077	0.256111	0.255521	0.244290
NA20769	0.243767	0.256269	0.255349	0.244616
NA20770	0.243857	0.255986	0.255483	0.244674
NA20771	0.243713	0.255941	0.255563	0.244783
NA20772	0.244040	0.256157	0.255306	0.244497
NA20773	0.243529	0.256591	0.255408	0.244471
NA20774	0.243894	0.255859	0.255455	0.244792
NA20775	0.244012	0.255717	0.255544	0.244727
NA20778	0.244156	0.256038	0.255220	0.244587
NA20783	0.243405	0.255842	0.255836	0.244917
NA20785	0.244045	0.256068	0.255365	0.244522
NA20786	0.243645	0.255739	0.255787	0.244828
NA20787	0.243692	0.255773	0.255654	0.244881
NA20790	0.244200	0.256031	0.255110	0.244659
NA20792	0.243441	0.256278	0.255767	0.244515
NA20795	0.244096	0.255679	0.255482	0.244743
NA20796	0.243701	0.256274	0.255572	0.244453
NA20797	0.243578	0.255647	0.256012	0.244763
NA20798	0.243604	0.255910	0.255538	0.244947
NA20799	0.243892	0.255744	0.255612	0.244752
NA20800	0.243642	0.256171	0.255563	0.244625
NA20801	0.243751	0.255875	0.256037	0.244337
NA20802	0.243744	0.256358	0.255544	0.244354
NA20803	0.243623	0.256391	0.255797	0.244189
NA20804	0.243886	0.255924	0.255438	0.244752
NA20805	0.243920	0.255798	0.255504	0.244778
NA20806	0.244163	0.255660	0.255142	0.245035
NA20807	0.243669	0.256141	0.255622	0.244567
NA20808	0.243906	0.256073	0.255457	0.244563
NA20809	0.243939	0.255986	0.255624	0.244452
NA20810	0.243717	0.255912	0.255529	0.244843
NA20811	0.243529	0.256052	0.255707	0.244712
NA20812	0.243842	0.255674	0.255047	0.245437
NA20813	0.243840	0.256308	0.255538	0.244314
NA20814	0.244094	0.255460	0.255645	0.244801
NA20815	0.244007	0.255673	0.255613	0.244707
NA20818	0.243570	0.255730	0.255832	0.244868
NA20819	0.244025	0.256229	0.255019	0.244727
NA20821	0.243764	0.255892	0.255537	0.244807
NA20822	0.243844	0.256036	0.255570	0.244550
NA20826	0.244108	0.255782	0.255696	0.244414
NA20827	0.243528	0.256453	0.256004	0.244014
NA20828	0.244122	0.255986	0.255180	0.244712
NA20832	0.243627	0.256196	0.255841	0.244336
NA20845	0.243543	0.256067	0.255569	0.244822
NA20846	0.243850	0.255923	0.255693	0.244534
NA20847	0.243874	0.256250	0.255441	0.244435
NA20849	0.243745	0.256218	0.255443	0.244594
NA20850	0.243521	0.256073	0.255814	0.244592
NA20851	0.244050	0.256062	0.255627	0.244260
NA20852	0.243718	0.255964	0.255726	0.244592
NA20853	0.243676	0.256613	0.255375	0.244336
NA20854	0.243542	0.256007	0.255602	0.244849
NA20856	0.243424	0.256277	0.255925	0.244374
NA20858	0.243565	0.255858	0.255484	0.245093
NA20859	0.243560	0.256079	0.256016	0.244345
NA20861	0.244198	0.255984	0.255193	0.244626
NA20862	0.243805	0.256252	0.255839	0.244104
NA20863	0.244189	0.255683	0.255447	0.244681
NA20864	0.243499	0.255966	0.255986	0.244550
NA20866	0.243714	0.255893	0.255990	0.244403
NA20867	0.243600	0.255715	0.255636	0.245049
NA20868	0.243872	0.256134	0.255373	0.244621
NA20869	0.243537	0.256261	0.255757	0.244445
NA20870	0.243720	0.256124	0.255844	0.244311
NA20872	0.243691	0.256189	0.255544	0.244576
NA20874	0.243679	0.256418	0.255765	0.244138
NA20875	0.243421	0.256171	0.255690	0.244718
NA20876	0.243331	0.255955	0.256095	0.244619
NA20877	0.243738	0.256569	0.255359	0.244334
NA20878	0.243659	0.256096	0.255549	0.244697
NA20881	0.243824	0.256195	0.255407	0.244575
NA20882	0.243921	0.255906	0.255407	0.244767
NA20884	0.243392	0.256424	0.255734	0.244450
NA20885	0.243544	0.255758	0.255493	0.245205
NA20886	0.243684	0.256464	0.255391	0.244461
NA20887	0.243760	0.255873	0.255406	0.244962
NA20888	0.244037	0.256186	0.255277	0.244499
NA20889	0.243958	0.256056	0.255562	0.244424
NA20890	0.243960	0.256160	0.255026	0.244854
NA20891	0.243365	0.256213	0.256076	0.244346
NA20892	0.243972	0.256140	0.255469	0.244418
NA20894	0.243447	0.256584	0.255618	0.244352
NA20895	0.243597	0.256528	0.255419	0.244456
NA20896	0.243745	0.256035	0.255882	0.244338
NA20897	0.243838	0.255701	0.255570	0.244891
NA20899	0.244376	0.256298	0.254874	0.244452
NA20900	0.243776	0.256244	0.255499	0.244480
NA20901	0.243886	0.256320	0.255238	0.244555
NA20902	0.243758	0.256168	0.255588	0.244487
NA20903	0.243882	0.255988	0.255712	0.244418
NA20904	0.243905	0.256045	0.255570	0.244480
NA20905	0.243806	0.256103	0.255496	0.244595
NA20906	0.243344	0.256342	0.255899	0.244415
NA20908	0.243905	0.256524	0.255218	0.244353
NA20910	0.243945	0.256476	0.255707	0.243871
NA20911	0.243775	0.255861	0.255432	0.244932
NA21086	0.243954	0.255850	0.255536	0.244659
NA21087	0.243850	0.255437	0.255822	0.244891
NA21088	0.243582	0.255604	0.256010	0.244804
NA21089	0.243455	0.256099	0.256174	0.244272
NA21090	0.243596	0.256156	0.255560	0.244688
NA21091	0.243815	0.255978	0.255527	0.244679
NA21092	0.243468	0.256342	0.255666	0.244525
NA21093	0.243353	0.256545	0.255886	0.244216
NA21094	0.243773	0.256322	0.255695	0.244211
NA21095	0.243838	0.256117	0.255630	0.244414
NA21097	0.243686	0.256108	0.255575	0.244631
NA21098	0.243849	0.256119	0.255715	0.244317
NA21099	0.243599	0.256230	0.255477	0.244694
NA21100	0.243486	0.256145	0.255725	0.244644
NA21101	0.243997	0.256291	0.255493	0.244219
NA21102	0.243224	0.256542	0.255844	0.244390
NA21103	0.243914	0.255773	0.255438	0.244875
NA21104	0.243796	0.256126	0.255412	0.244665
NA21105	0.244040	0.255883	0.255598	0.244479
NA21106	0.243499	0.256141	0.255821	0.244539
NA21107	0.244082	0.256052	0.255523	0.244343
NA21108	0.243745	0.256393	0.255446	0.244416
NA21109	0.244094	0.256287	0.255360	0.244260
NA21110	0.243312	0.256267	0.255998	0.244423
NA21111	0.243614	0.256165	0.255487	0.244733
NA21112	0.243734	0.256178	0.255543	0.244545
NA21113	0.243594	0.256060	0.255576	0.244771
NA21114	0.243595	0.256350	0.255547	0.244508
NA21115	0.243770	0.256239	0.255365	0.244626
NA21116	0.243837	0.255926	0.255295	0.244942
NA21117	0.244213	0.256314	0.255234	0.244239
NA21118	0.243728	0.256091	0.255545	0.244637
NA21119	0.243562	0.256275	0.255808	0.244355
NA21120	0.243677	0.256376	0.255435	0.244512
NA21122	0.244021	0.256175	0.255217	0.244587
NA21123	0.243588	0.256053	0.255774	0.244584
NA21124	0.243675	0.256262	0.255575	0.244489
NA21125	0.244150	0.256076	0.255040	0.244733
NA21126	0.243381	0.256079	0.255971	0.244569
NA21127	0.244407	0.256204	0.255301	0.244088
NA21128	0.243661	0.256174	0.255612	0.244553
NA21129	0.243929	0.256134	0.255422	0.244515
NA21130	0.244016	0.256545	0.255235	0.244204
NA21133	0.243917	0.256129	0.255442	0.244512
NA21135	0.244353	0.256284	0.255053	0.244309
NA21137	0.244233	0.255590	0.255467	0.244709
NA21141	0.243485	0.256605	0.255391	0.244519
NA21142	0.244394	0.255392	0.255283	0.244930
NA21143	0.243921	0.256388	0.255460	0.244232
NA21144	0.243847	0.256251	0.255531	0.244371
