SAMPLE	A	C	G	T
HG00096	0.222531	0.277434	0.277193	0.222842
HG00097	0.222512	0.277445	0.277205	0.222838
HG00099	0.222519	0.277421	0.277203	0.222857
HG00100	0.222507	0.277448	0.277205	0.222840
HG00101	0.222505	0.277443	0.277210	0.222842
HG00102	0.222503	0.277440	0.277213	0.222844
HG00103	0.222513	0.277442	0.277198	0.222848
HG00105	0.222521	0.277447	0.277187	0.222844
HG00106	0.222509	0.277440	0.277200	0.222852
HG00107	0.222511	0.277457	0.277198	0.222834
HG00108	0.222505	0.277454	0.277203	0.222839
HG00109	0.222515	0.277445	0.277195	0.222845
HG00110	0.222484	0.277447	0.277229	0.222841
HG00111	0.222503	0.277442	0.277201	0.222854
HG00112	0.222517	0.277437	0.277202	0.222844
HG00113	0.222517	0.277454	0.277195	0.222833
HG00114	0.222494	0.277455	0.277213	0.222838
HG00115	0.222529	0.277438	0.277191	0.222841
HG00116	0.222500	0.277443	0.277210	0.222847
HG00117	0.222512	0.277442	0.277195	0.222852
HG00118	0.222493	0.277457	0.277206	0.222844
HG00119	0.222496	0.277431	0.277220	0.222854
HG00120	0.222493	0.277438	0.277214	0.222855
HG00121	0.222517	0.277430	0.277192	0.222860
HG00122	0.222497	0.277457	0.277214	0.222832
HG00123	0.222499	0.277441	0.277213	0.222847
HG00125	0.222515	0.277446	0.277192	0.222847
HG00126	0.222518	0.277425	0.277199	0.222858
HG00127	0.222509	0.277436	0.277214	0.222841
HG00128	0.222515	0.277437	0.277192	0.222856
HG00129	0.222513	0.277428	0.277194	0.222865
HG00130	0.222515	0.277446	0.277199	0.222840
HG00131	0.222497	0.277462	0.277214	0.222827
HG00132	0.222504	0.277442	0.277204	0.222849
HG00133	0.222494	0.277471	0.277207	0.222828
HG00136	0.222514	0.277425	0.277203	0.222858
HG00137	0.222497	0.277451	0.277205	0.222847
HG00138	0.222522	0.277439	0.277196	0.222843
HG00139	0.222506	0.277439	0.277207	0.222847
HG00140	0.222510	0.277446	0.277199	0.222846
HG00141	0.222517	0.277421	0.277207	0.222855
HG00142	0.222510	0.277447	0.277194	0.222849
HG00143	0.222505	0.277446	0.277201	0.222849
HG00145	0.222521	0.277438	0.277200	0.222840
HG00146	0.222500	0.277442	0.277200	0.222859
HG00148	0.222516	0.277432	0.277199	0.222853
HG00149	0.222495	0.277450	0.277217	0.222837
HG00150	0.222515	0.277427	0.277197	0.222861
HG00151	0.222517	0.277433	0.277186	0.222863
HG00154	0.222491	0.277453	0.277209	0.222847
HG00155	0.222522	0.277432	0.277191	0.222855
HG00157	0.222511	0.277448	0.277201	0.222840
HG00158	0.222510	0.277452	0.277194	0.222844
HG00159	0.222504	0.277441	0.277200	0.222856
HG00160	0.222498	0.277448	0.277213	0.222841
HG00171	0.222515	0.277447	0.277203	0.222835
HG00173	0.222499	0.277444	0.277207	0.222850
HG00174	0.222501	0.277435	0.277212	0.222852
HG00176	0.222492	0.277434	0.277217	0.222856
HG00177	0.222500	0.277439	0.277218	0.222843
HG00178	0.222506	0.277439	0.277197	0.222858
HG00179	0.222507	0.277440	0.277211	0.222842
HG00180	0.222495	0.277452	0.277212	0.222841
HG00181	0.222494	0.277432	0.277211	0.222863
HG00182	0.222500	0.277456	0.277218	0.222826
HG00183	0.222517	0.277441	0.277196	0.222846
HG00185	0.222498	0.277460	0.277206	0.222837
HG00186	0.222505	0.277471	0.277186	0.222838
HG00187	0.222504	0.277427	0.277215	0.222853
HG00188	0.222512	0.277454	0.277196	0.222839
HG00189	0.222524	0.277454	0.277193	0.222829
HG00190	0.222512	0.277440	0.277201	0.222847
HG00231	0.222518	0.277445	0.277187	0.222850
HG00232	0.222514	0.277452	0.277189	0.222844
HG00233	0.222503	0.277442	0.277216	0.222840
HG00234	0.222512	0.277440	0.277201	0.222846
HG00235	0.222500	0.277451	0.277205	0.222844
HG00236	0.222514	0.277439	0.277199	0.222848
HG00237	0.222494	0.277456	0.277208	0.222841
HG00238	0.222526	0.277442	0.277183	0.222848
HG00239	0.222520	0.277451	0.277198	0.222831
HG00240	0.222526	0.277437	0.277193	0.222844
HG00242	0.222514	0.277429	0.277192	0.222865
HG00243	0.222521	0.277438	0.277193	0.222847
HG00244	0.222517	0.277437	0.277191	0.222856
HG00245	0.222512	0.277453	0.277206	0.222829
HG00246	0.222512	0.277451	0.277201	0.222836
HG00250	0.222513	0.277434	0.277203	0.222850
HG00251	0.222504	0.277443	0.277206	0.222847
HG00252	0.222511	0.277438	0.277215	0.222837
HG00253	0.222515	0.277453	0.277198	0.222833
HG00254	0.222509	0.277433	0.277209	0.222849
HG00255	0.222499	0.277450	0.277211	0.222841
HG00256	0.222520	0.277432	0.277188	0.222860
HG00257	0.222504	0.277441	0.277201	0.222853
HG00258	0.222518	0.277435	0.277195	0.222852
HG00259	0.222497	0.277435	0.277214	0.222853
HG00260	0.222497	0.277433	0.277206	0.222865
HG00261	0.222519	0.277436	0.277182	0.222864
HG00262	0.222515	0.277434	0.277197	0.222854
HG00263	0.222510	0.277463	0.277195	0.222832
HG00264	0.222500	0.277438	0.277211	0.222852
HG00265	0.222506	0.277455	0.277198	0.222840
HG00266	0.222504	0.277445	0.277190	0.222861
HG00267	0.222508	0.277455	0.277211	0.222825
HG00268	0.222515	0.277444	0.277202	0.222839
HG00269	0.222501	0.277458	0.277205	0.222836
HG00271	0.222511	0.277450	0.277203	0.222836
HG00272	0.222516	0.277434	0.277208	0.222842
HG00273	0.222511	0.277442	0.277207	0.222840
HG00274	0.222507	0.277452	0.277208	0.222833
HG00275	0.222512	0.277430	0.277209	0.222849
HG00276	0.222522	0.277440	0.277194	0.222844
HG00277	0.222520	0.277452	0.277175	0.222854
HG00278	0.222513	0.277442	0.277198	0.222848
HG00280	0.222510	0.277445	0.277202	0.222843
HG00281	0.222484	0.277447	0.277220	0.222849
HG00282	0.222486	0.277441	0.277214	0.222858
HG00284	0.222503	0.277435	0.277214	0.222848
HG00285	0.222493	0.277447	0.277218	0.222842
HG00288	0.222494	0.277435	0.277218	0.222853
HG00290	0.222504	0.277430	0.277215	0.222851
HG00304	0.222517	0.277459	0.277190	0.222833
HG00306	0.222509	0.277435	0.277202	0.222855
HG00308	0.222508	0.277457	0.277198	0.222838
HG00309	0.222499	0.277445	0.277213	0.222843
HG00310	0.222507	0.277451	0.277207	0.222835
HG00311	0.222521	0.277445	0.277194	0.222840
HG00313	0.222503	0.277439	0.277199	0.222859
HG00315	0.222484	0.277461	0.277227	0.222827
HG00318	0.222505	0.277435	0.277200	0.222860
HG00319	0.222502	0.277447	0.277214	0.222837
HG00320	0.222493	0.277425	0.277230	0.222852
HG00321	0.222504	0.277450	0.277205	0.222841
HG00323	0.222503	0.277451	0.277210	0.222837
HG00324	0.222503	0.277445	0.277200	0.222852
HG00325	0.222515	0.277446	0.277197	0.222842
HG00326	0.222507	0.277455	0.277202	0.222836
HG00327	0.222502	0.277443	0.277209	0.222847
HG00328	0.222491	0.277450	0.277207	0.222853
HG00329	0.222516	0.277456	0.277198	0.222831
HG00330	0.222497	0.277447	0.277216	0.222840
HG00331	0.222513	0.277435	0.277210	0.222842
HG00332	0.222493	0.277459	0.277214	0.222833
HG00334	0.222519	0.277435	0.277190	0.222856
HG00335	0.222499	0.277437	0.277212	0.222852
HG00336	0.222506	0.277448	0.277202	0.222844
HG00337	0.222503	0.277452	0.277207	0.222838
HG00338	0.222515	0.277430	0.277199	0.222855
HG00339	0.222506	0.277438	0.277209	0.222847
HG00341	0.222506	0.277449	0.277195	0.222850
HG00342	0.222491	0.277433	0.277224	0.222852
HG00343	0.222494	0.277442	0.277219	0.222845
HG00344	0.222498	0.277462	0.277211	0.222829
HG00345	0.222503	0.277450	0.277200	0.222846
HG00346	0.222510	0.277433	0.277206	0.222851
HG00349	0.222495	0.277463	0.277204	0.222838
HG00350	0.222502	0.277440	0.277206	0.222852
HG00351	0.222517	0.277443	0.277206	0.222833
HG00353	0.222520	0.277438	0.277197	0.222845
HG00355	0.222521	0.277442	0.277192	0.222844
HG00356	0.222505	0.277449	0.277205	0.222840
HG00357	0.222505	0.277447	0.277212	0.222836
HG00358	0.222490	0.277452	0.277237	0.222821
HG00360	0.222510	0.277448	0.277189	0.222853
HG00361	0.222497	0.277443	0.277219	0.222841
HG00362	0.222498	0.277453	0.277204	0.222845
HG00364	0.222505	0.277447	0.277207	0.222841
HG00365	0.222514	0.277450	0.277198	0.222838
HG00366	0.222520	0.277448	0.277191	0.222842
HG00367	0.222497	0.277432	0.277214	0.222857
HG00368	0.222509	0.277445	0.277209	0.222837
HG00369	0.222501	0.277446	0.277198	0.222855
HG00371	0.222517	0.277430	0.277212	0.222841
HG00372	0.222507	0.277444	0.277195	0.222854
HG00373	0.222509	0.277430	0.277205	0.222855
HG00375	0.222516	0.277451	0.277192	0.222841
HG00376	0.222505	0.277448	0.277208	0.222840
HG00378	0.222523	0.277428	0.277196	0.222853
HG00379	0.222516	0.277425	0.277199	0.222860
HG00380	0.222509	0.277441	0.277198	0.222851
HG00381	0.222503	0.277451	0.277204	0.222842
HG00382	0.222506	0.277451	0.277201	0.222842
HG00383	0.222489	0.277439	0.277232	0.222840
HG00384	0.222501	0.277444	0.277200	0.222855
HG00403	0.222512	0.277441	0.277195	0.222851
HG00404	0.222488	0.277445	0.277224	0.222843
HG00406	0.222479	0.277466	0.277233	0.222821
HG00407	0.222511	0.277447	0.277207	0.222835
HG00409	0.222491	0.277438	0.277228	0.222843
HG00410	0.222495	0.277438	0.277231	0.222837
HG00419	0.222484	0.277450	0.277227	0.222839
HG00421	0.222482	0.277428	0.277241	0.222848
HG00422	0.222482	0.277441	0.277227	0.222849
HG00428	0.222502	0.277439	0.277220	0.222839
HG00436	0.222487	0.277445	0.277223	0.222846
HG00437	0.222502	0.277427	0.277216	0.222855
HG00442	0.222492	0.277438	0.277226	0.222844
HG00443	0.222480	0.277454	0.277238	0.222827
HG00445	0.222505	0.277443	0.277213	0.222839
HG00446	0.222483	0.277449	0.277231	0.222837
HG00448	0.222490	0.277461	0.277223	0.222826
HG00449	0.222480	0.277447	0.277239	0.222833
HG00451	0.222476	0.277459	0.277234	0.222831
HG00452	0.222499	0.277444	0.277214	0.222843
HG00457	0.222497	0.277445	0.277227	0.222830
HG00458	0.222489	0.277450	0.277216	0.222845
HG00463	0.222478	0.277439	0.277232	0.222851
HG00464	0.222478	0.277433	0.277235	0.222854
HG00472	0.222495	0.277457	0.277219	0.222829
HG00473	0.222482	0.277444	0.277230	0.222844
HG00475	0.222487	0.277444	0.277237	0.222832
HG00476	0.222487	0.277441	0.277230	0.222843
HG00478	0.222477	0.277453	0.277226	0.222844
HG00479	0.222494	0.277438	0.277226	0.222841
HG00500	0.222472	0.277458	0.277245	0.222826
HG00513	0.222490	0.277450	0.277227	0.222833
HG00524	0.222489	0.277452	0.277228	0.222830
HG00525	0.222488	0.277442	0.277231	0.222840
HG00530	0.222497	0.277444	0.277223	0.222836
HG00531	0.222488	0.277459	0.277225	0.222827
HG00533	0.222488	0.277440	0.277239	0.222833
HG00534	0.222493	0.277445	0.277213	0.222849
HG00536	0.222491	0.277437	0.277222	0.222849
HG00537	0.222482	0.277437	0.277234	0.222847
HG00542	0.222485	0.277451	0.277230	0.222835
HG00543	0.222481	0.277446	0.277234	0.222839
HG00556	0.222496	0.277438	0.277215	0.222851
HG00557	0.222488	0.277450	0.277231	0.222830
HG00559	0.222497	0.277450	0.277210	0.222843
HG00560	0.222493	0.277438	0.277227	0.222842
HG00565	0.222495	0.277442	0.277226	0.222837
HG00566	0.222483	0.277438	0.277241	0.222837
HG00580	0.222488	0.277462	0.277225	0.222825
HG00581	0.222482	0.277454	0.277231	0.222833
HG00583	0.222493	0.277443	0.277215	0.222848
HG00584	0.222497	0.277439	0.277217	0.222847
HG00589	0.222489	0.277440	0.277237	0.222834
HG00590	0.222484	0.277446	0.277223	0.222847
HG00592	0.222490	0.277449	0.277220	0.222841
HG00593	0.222487	0.277447	0.277215	0.222851
HG00595	0.222477	0.277454	0.277237	0.222832
HG00596	0.222497	0.277447	0.277222	0.222834
HG00598	0.222487	0.277441	0.277232	0.222840
HG00599	0.222482	0.277445	0.277238	0.222836
HG00607	0.222487	0.277434	0.277232	0.222847
HG00608	0.222495	0.277438	0.277231	0.222835
HG00610	0.222479	0.277434	0.277248	0.222839
HG00611	0.222485	0.277440	0.277228	0.222847
HG00613	0.222492	0.277441	0.277228	0.222840
HG00614	0.222494	0.277449	0.277216	0.222841
HG00619	0.222475	0.277447	0.277237	0.222842
HG00620	0.222489	0.277443	0.277219	0.222848
HG00622	0.222490	0.277444	0.277213	0.222853
HG00623	0.222478	0.277449	0.277239	0.222834
HG00625	0.222503	0.277442	0.277220	0.222835
HG00626	0.222486	0.277440	0.277240	0.222833
HG00628	0.222486	0.277448	0.277221	0.222846
HG00629	0.222482	0.277448	0.277230	0.222840
HG00631	0.222494	0.277430	0.277229	0.222847
HG00632	0.222477	0.277449	0.277243	0.222831
HG00634	0.222473	0.277446	0.277239	0.222842
HG00650	0.222493	0.277439	0.277221	0.222848
HG00651	0.222494	0.277441	0.277226	0.222839
HG00653	0.222499	0.277451	0.277217	0.222833
HG00654	0.222494	0.277452	0.277214	0.222840
HG00656	0.222495	0.277430	0.277221	0.222854
HG00657	0.222498	0.277455	0.277222	0.222826
HG00662	0.222485	0.277463	0.277227	0.222825
HG00663	0.222495	0.277436	0.277229	0.222839
HG00671	0.222480	0.277459	0.277223	0.222837
HG00672	0.222491	0.277463	0.277224	0.222823
HG00674	0.222496	0.277437	0.277227	0.222840
HG00675	0.222487	0.277444	0.277227	0.222841
HG00683	0.222493	0.277432	0.277229	0.222846
HG00684	0.222485	0.277444	0.277235	0.222835
HG00689	0.222482	0.277451	0.277234	0.222834
HG00690	0.222493	0.277443	0.277214	0.222850
HG00692	0.222487	0.277450	0.277231	0.222832
HG00693	0.222488	0.277449	0.277222	0.222842
HG00698	0.222495	0.277435	0.277230	0.222840
HG00699	0.222500	0.277447	0.277215	0.222838
HG00701	0.222496	0.277440	0.277228	0.222836
HG00704	0.222500	0.277438	0.277219	0.222843
HG00705	0.222484	0.277437	0.277223	0.222855
HG00707	0.222496	0.277432	0.277213	0.222859
HG00708	0.222490	0.277446	0.277227	0.222838
HG00717	0.222496	0.277439	0.277212	0.222853
HG00728	0.222485	0.277438	0.277235	0.222841
HG00729	0.222488	0.277454	0.277228	0.222830
HG00759	0.222507	0.277438	0.277219	0.222836
HG00766	0.222506	0.277438	0.277214	0.222842
HG00844	0.222486	0.277441	0.277229	0.222843
HG00851	0.222495	0.277451	0.277200	0.222854
HG00864	0.222487	0.277435	0.277227	0.222851
HG00867	0.222499	0.277438	0.277219	0.222844
HG00879	0.222514	0.277436	0.277204	0.222846
HG00881	0.222502	0.277444	0.277215	0.222839
HG00956	0.222500	0.277442	0.277216	0.222842
HG00978	0.222490	0.277433	0.277231	0.222846
HG00982	0.222500	0.277433	0.277221	0.222846
HG01028	0.222490	0.277454	0.277216	0.222840
HG01029	0.222490	0.277446	0.277228	0.222836
HG01031	0.222490	0.277442	0.277218	0.222850
HG01046	0.222478	0.277450	0.277239	0.222833
HG01334	0.222510	0.277450	0.277195	0.222845
HG01500	0.222518	0.277432	0.277199	0.222851
HG01501	0.222497	0.277450	0.277202	0.222850
HG01503	0.222489	0.277441	0.277216	0.222854
HG01504	0.222496	0.277455	0.277212	0.222837
HG01506	0.222500	0.277449	0.277213	0.222839
HG01507	0.222504	0.277448	0.277204	0.222844
HG01509	0.222518	0.277426	0.277206	0.222850
HG01510	0.222503	0.277431	0.277207	0.222859
HG01512	0.222503	0.277444	0.277203	0.222849
HG01513	0.222503	0.277449	0.277193	0.222854
HG01515	0.222506	0.277442	0.277206	0.222846
HG01516	0.222496	0.277450	0.277215	0.222839
HG01518	0.222519	0.277439	0.277200	0.222843
HG01519	0.222504	0.277444	0.277198	0.222854
HG01521	0.222505	0.277443	0.277207	0.222846
HG01522	0.222497	0.277430	0.277214	0.222859
HG01524	0.222510	0.277465	0.277187	0.222838
HG01525	0.222522	0.277440	0.277195	0.222843
HG01527	0.222499	0.277437	0.277207	0.222857
HG01528	0.222502	0.277461	0.277203	0.222834
HG01530	0.222509	0.277441	0.277203	0.222848
HG01531	0.222506	0.277430	0.277226	0.222838
HG01536	0.222511	0.277437	0.277194	0.222858
HG01537	0.222498	0.277452	0.277200	0.222850
HG01583	0.222496	0.277450	0.277213	0.222841
HG01586	0.222493	0.277441	0.277217	0.222849
HG01589	0.222491	0.277453	0.277210	0.222846
HG01593	0.222487	0.277462	0.277217	0.222834
HG01595	0.222506	0.277430	0.277213	0.222850
HG01596	0.222479	0.277450	0.277232	0.222840
HG01597	0.222483	0.277455	0.277230	0.222832
HG01598	0.222509	0.277446	0.277205	0.222840
HG01599	0.222496	0.277450	0.277222	0.222832
HG01600	0.222493	0.277446	0.277215	0.222846
HG01602	0.222508	0.277442	0.277209	0.222840
HG01603	0.222512	0.277423	0.277210	0.222856
HG01605	0.222510	0.277428	0.277202	0.222860
HG01606	0.222497	0.277446	0.277218	0.222839
HG01607	0.222505	0.277443	0.277214	0.222838
HG01608	0.222510	0.277446	0.277205	0.222839
HG01610	0.222495	0.277436	0.277210	0.222859
HG01612	0.222511	0.277448	0.277204	0.222838
HG01613	0.222508	0.277455	0.277195	0.222842
HG01615	0.222497	0.277464	0.277216	0.222823
HG01617	0.222505	0.277439	0.277204	0.222852
HG01618	0.222498	0.277450	0.277215	0.222837
HG01619	0.222494	0.277436	0.277219	0.222851
HG01620	0.222510	0.277429	0.277206	0.222856
HG01623	0.222515	0.277427	0.277196	0.222862
HG01624	0.222496	0.277457	0.277212	0.222835
HG01625	0.222511	0.277453	0.277194	0.222842
HG01626	0.222514	0.277438	0.277212	0.222836
HG01628	0.222506	0.277451	0.277211	0.222831
HG01630	0.222502	0.277430	0.277202	0.222866
HG01631	0.222515	0.277432	0.277204	0.222848
HG01632	0.222543	0.277432	0.277167	0.222858
HG01668	0.222497	0.277438	0.277215	0.222850
HG01669	0.222493	0.277444	0.277214	0.222849
HG01670	0.222502	0.277429	0.277204	0.222866
HG01672	0.222509	0.277455	0.277206	0.222830
HG01673	0.222501	0.277442	0.277197	0.222860
HG01675	0.222492	0.277452	0.277212	0.222843
HG01676	0.222525	0.277445	0.277183	0.222847
HG01678	0.222501	0.277451	0.277221	0.222826
HG01679	0.222508	0.277437	0.277211	0.222845
HG01680	0.222507	0.277451	0.277201	0.222842
HG01682	0.222509	0.277458	0.277201	0.222832
HG01684	0.222510	0.277436	0.277202	0.222852
HG01685	0.222510	0.277437	0.277204	0.222850
HG01686	0.222497	0.277455	0.277207	0.222840
HG01694	0.222504	0.277447	0.277206	0.222844
HG01695	0.222497	0.277447	0.277212	0.222844
HG01697	0.222512	0.277429	0.277202	0.222857
HG01699	0.222514	0.277444	0.277202	0.222840
HG01700	0.222518	0.277447	0.277196	0.222839
HG01702	0.222515	0.277434	0.277201	0.222850
HG01704	0.222502	0.277450	0.277210	0.222838
HG01705	0.222510	0.277468	0.277192	0.222830
HG01707	0.222497	0.277433	0.277215	0.222855
HG01708	0.222514	0.277449	0.277200	0.222837
HG01709	0.222510	0.277454	0.277197	0.222840
HG01710	0.222495	0.277456	0.277207	0.222842
HG01746	0.222500	0.277438	0.277220	0.222842
HG01747	0.222510	0.277454	0.277201	0.222835
HG01756	0.222504	0.277442	0.277209	0.222845
HG01757	0.222482	0.277444	0.277224	0.222850
HG01761	0.222498	0.277451	0.277207	0.222845
HG01762	0.222502	0.277431	0.277205	0.222862
HG01765	0.222503	0.277446	0.277213	0.222838
HG01766	0.222515	0.277447	0.277189	0.222849
HG01767	0.222503	0.277446	0.277214	0.222837
HG01768	0.222499	0.277456	0.277211	0.222834
HG01770	0.222503	0.277463	0.277204	0.222830
HG01771	0.222520	0.277439	0.277192	0.222848
HG01773	0.222493	0.277455	0.277215	0.222837
HG01775	0.222491	0.277456	0.277208	0.222845
HG01776	0.222498	0.277430	0.277209	0.222862
HG01777	0.222496	0.277458	0.277202	0.222844
HG01779	0.222501	0.277454	0.277208	0.222837
HG01781	0.222512	0.277428	0.277202	0.222858
HG01783	0.222506	0.277435	0.277201	0.222858
HG01784	0.222488	0.277434	0.277233	0.222845
HG01785	0.222513	0.277442	0.277192	0.222853
HG01786	0.222511	0.277438	0.277202	0.222849
HG01789	0.222490	0.277446	0.277221	0.222842
HG01790	0.222518	0.277442	0.277188	0.222852
HG01791	0.222503	0.277461	0.277204	0.222832
HG01794	0.222506	0.277430	0.277207	0.222857
HG01795	0.222486	0.277442	0.277230	0.222842
HG01796	0.222483	0.277457	0.277230	0.222829
HG01797	0.222492	0.277453	0.277231	0.222823
HG01798	0.222486	0.277440	0.277226	0.222847
HG01799	0.222481	0.277435	0.277240	0.222845
HG01800	0.222502	0.277446	0.277211	0.222841
HG01801	0.222491	0.277451	0.277222	0.222835
HG01802	0.222491	0.277435	0.277211	0.222863
HG01804	0.222495	0.277439	0.277222	0.222844
HG01805	0.222497	0.277448	0.277214	0.222841
HG01806	0.222497	0.277437	0.277217	0.222850
HG01807	0.222485	0.277441	0.277218	0.222856
HG01808	0.222491	0.277433	0.277230	0.222846
HG01809	0.222480	0.277455	0.277225	0.222840
HG01810	0.222493	0.277443	0.277229	0.222836
HG01811	0.222472	0.277423	0.277244	0.222861
HG01812	0.222492	0.277448	0.277209	0.222852
HG01813	0.222493	0.277445	0.277207	0.222855
HG01815	0.222506	0.277438	0.277207	0.222849
HG01816	0.222502	0.277436	0.277212	0.222851
HG01817	0.222496	0.277436	0.277224	0.222844
HG01840	0.222498	0.277437	0.277220	0.222845
HG01841	0.222495	0.277445	0.277217	0.222843
HG01842	0.222482	0.277456	0.277227	0.222836
HG01843	0.222484	0.277439	0.277224	0.222853
HG01844	0.222490	0.277440	0.277227	0.222843
HG01845	0.222493	0.277442	0.277221	0.222844
HG01846	0.222497	0.277453	0.277210	0.222841
HG01847	0.222491	0.277435	0.277227	0.222847
HG01848	0.222499	0.277460	0.277206	0.222835
HG01849	0.222478	0.277444	0.277246	0.222832
HG01850	0.222468	0.277451	0.277249	0.222832
HG01851	0.222482	0.277432	0.277234	0.222852
HG01852	0.222492	0.277451	0.277224	0.222833
HG01853	0.222479	0.277454	0.277232	0.222834
HG01855	0.222478	0.277469	0.277227	0.222827
HG01857	0.222497	0.277447	0.277216	0.222839
HG01858	0.222493	0.277427	0.277233	0.222847
HG01859	0.222504	0.277446	0.277227	0.222823
HG01860	0.222514	0.277441	0.277204	0.222841
HG01861	0.222467	0.277464	0.277240	0.222828
HG01862	0.222494	0.277449	0.277211	0.222847
HG01863	0.222488	0.277453	0.277215	0.222844
HG01864	0.222491	0.277449	0.277217	0.222843
HG01865	0.222498	0.277458	0.277215	0.222829
HG01866	0.222502	0.277434	0.277225	0.222840
HG01867	0.222489	0.277423	0.277240	0.222849
HG01868	0.222490	0.277451	0.277224	0.222835
HG01869	0.222488	0.277438	0.277229	0.222844
HG01870	0.222488	0.277446	0.277230	0.222836
HG01871	0.222479	0.277450	0.277227	0.222843
HG01872	0.222479	0.277435	0.277242	0.222844
HG01873	0.222490	0.277452	0.277221	0.222837
HG01874	0.222504	0.277449	0.277222	0.222825
HG01878	0.222495	0.277436	0.277220	0.222849
HG02016	0.222491	0.277436	0.277229	0.222844
HG02017	0.222482	0.277450	0.277218	0.222850
HG02019	0.222497	0.277457	0.277215	0.222832
HG02020	0.222486	0.277448	0.277221	0.222846
HG02023	0.222485	0.277440	0.277229	0.222846
HG02025	0.222496	0.277455	0.277216	0.222833
HG02026	0.222497	0.277435	0.277209	0.222860
HG02028	0.222472	0.277461	0.277220	0.222847
HG02029	0.222489	0.277434	0.277229	0.222848
HG02031	0.222475	0.277436	0.277229	0.222860
HG02032	0.222501	0.277444	0.277216	0.222839
HG02035	0.222482	0.277458	0.277224	0.222837
HG02040	0.222493	0.277444	0.277217	0.222846
HG02047	0.222496	0.277450	0.277220	0.222834
HG02048	0.222476	0.277446	0.277241	0.222837
HG02049	0.222487	0.277462	0.277227	0.222824
HG02050	0.222494	0.277456	0.277214	0.222836
HG02057	0.222499	0.277436	0.277220	0.222845
HG02058	0.222486	0.277452	0.277222	0.222840
HG02060	0.222497	0.277428	0.277221	0.222854
HG02061	0.222483	0.277451	0.277229	0.222838
HG02064	0.222493	0.277443	0.277223	0.222841
HG02067	0.222482	0.277446	0.277227	0.222845
HG02069	0.222492	0.277439	0.277216	0.222853
HG02070	0.222503	0.277448	0.277210	0.222839
HG02072	0.222491	0.277452	0.277229	0.222829
HG02073	0.222499	0.277447	0.277227	0.222828
HG02075	0.222487	0.277469	0.277221	0.222823
HG02076	0.222489	0.277446	0.277210	0.222855
HG02078	0.222489	0.277445	0.277226	0.222840
HG02079	0.222483	0.277434	0.277226	0.222858
HG02081	0.222497	0.277432	0.277219	0.222852
HG02082	0.222502	0.277440	0.277212	0.222845
HG02084	0.222478	0.277453	0.277233	0.222837
HG02085	0.222509	0.277452	0.277198	0.222840
HG02086	0.222501	0.277444	0.277230	0.222825
HG02087	0.222501	0.277445	0.277218	0.222836
HG02088	0.222500	0.277441	0.277210	0.222849
HG02113	0.222479	0.277429	0.277241	0.222852
HG02116	0.222487	0.277449	0.277231	0.222832
HG02121	0.222492	0.277437	0.277226	0.222845
HG02122	0.222495	0.277442	0.277218	0.222845
HG02127	0.222484	0.277460	0.277237	0.222818
HG02128	0.222506	0.277443	0.277215	0.222837
HG02130	0.222500	0.277452	0.277224	0.222823
HG02131	0.222488	0.277429	0.277235	0.222848
HG02133	0.222495	0.277443	0.277232	0.222829
HG02134	0.222493	0.277427	0.277222	0.222858
HG02136	0.222487	0.277430	0.277230	0.222853
HG02137	0.222484	0.277446	0.277225	0.222846
HG02138	0.222491	0.277437	0.277226	0.222846
HG02139	0.222485	0.277433	0.277232	0.222850
HG02140	0.222498	0.277457	0.277210	0.222835
HG02141	0.222489	0.277443	0.277224	0.222844
HG02142	0.222501	0.277444	0.277221	0.222835
HG02151	0.222492	0.277453	0.277218	0.222837
HG02152	0.222470	0.277444	0.277217	0.222869
HG02153	0.222485	0.277440	0.277226	0.222848
HG02154	0.222490	0.277450	0.277222	0.222837
HG02155	0.222487	0.277428	0.277234	0.222851
HG02156	0.222497	0.277443	0.277214	0.222846
HG02164	0.222506	0.277436	0.277208	0.222850
HG02165	0.222479	0.277445	0.277230	0.222846
HG02166	0.222509	0.277448	0.277203	0.222840
HG02178	0.222499	0.277438	0.277217	0.222845
HG02179	0.222496	0.277437	0.277225	0.222843
HG02180	0.222493	0.277428	0.277213	0.222865
HG02181	0.222488	0.277438	0.277218	0.222856
HG02182	0.222493	0.277435	0.277220	0.222852
HG02184	0.222486	0.277440	0.277236	0.222837
HG02185	0.222495	0.277435	0.277224	0.222846
HG02186	0.222512	0.277446	0.277215	0.222828
HG02187	0.222489	0.277439	0.277227	0.222846
HG02188	0.222504	0.277432	0.277219	0.222846
HG02190	0.222475	0.277435	0.277238	0.222852
HG02215	0.222499	0.277446	0.277218	0.222837
HG02219	0.222509	0.277459	0.277197	0.222835
HG02220	0.222503	0.277450	0.277209	0.222837
HG02221	0.222491	0.277439	0.277206	0.222864
HG02223	0.222499	0.277456	0.277213	0.222832
HG02224	0.222512	0.277441	0.277198	0.222850
HG02230	0.222501	0.277451	0.277206	0.222842
HG02231	0.222491	0.277446	0.277225	0.222838
HG02232	0.222526	0.277421	0.277190	0.222863
HG02233	0.222523	0.277437	0.277186	0.222855
HG02235	0.222499	0.277451	0.277202	0.222848
HG02236	0.222493	0.277460	0.277208	0.222839
HG02238	0.222500	0.277461	0.277210	0.222829
HG02239	0.222498	0.277423	0.277208	0.222871
HG02250	0.222483	0.277445	0.277233	0.222840
HG02351	0.222496	0.277444	0.277227	0.222833
HG02353	0.222491	0.277453	0.277219	0.222838
HG02355	0.222509	0.277453	0.277218	0.222820
HG02356	0.222506	0.277444	0.277211	0.222840
HG02360	0.222491	0.277457	0.277220	0.222833
HG02364	0.222489	0.277435	0.277241	0.222834
HG02367	0.222490	0.277448	0.277230	0.222833
HG02371	0.222505	0.277461	0.277210	0.222824
HG02373	0.222503	0.277437	0.277210	0.222850
HG02374	0.222508	0.277442	0.277206	0.222844
HG02375	0.222497	0.277444	0.277218	0.222840
HG02379	0.222487	0.277444	0.277230	0.222838
HG02380	0.222492	0.277452	0.277216	0.222841
HG02382	0.222494	0.277448	0.277214	0.222843
HG02383	0.222497	0.277427	0.277222	0.222854
HG02384	0.222490	0.277438	0.277226	0.222847
HG02385	0.222489	0.277429	0.277230	0.222852
HG02386	0.222479	0.277447	0.277227	0.222847
HG02389	0.222478	0.277438	0.277228	0.222856
HG02390	0.222491	0.277452	0.277227	0.222830
HG02391	0.222480	0.277437	0.277243	0.222841
HG02392	0.222498	0.277445	0.277216	0.222841
HG02394	0.222503	0.277458	0.277213	0.222826
HG02395	0.222485	0.277454	0.277231	0.222830
HG02396	0.222503	0.277439	0.277214	0.222844
HG02397	0.222489	0.277439	0.277223	0.222850
HG02398	0.222479	0.277452	0.277232	0.222838
HG02399	0.222498	0.277444	0.277219	0.222839
HG02401	0.222486	0.277455	0.277214	0.222845
HG02402	0.222491	0.277447	0.277222	0.222841
HG02406	0.222483	0.277443	0.277224	0.222849
HG02407	0.222498	0.277443	0.277209	0.222850
HG02408	0.222485	0.277451	0.277219	0.222845
HG02409	0.222494	0.277450	0.277221	0.222835
HG02410	0.222494	0.277455	0.277214	0.222837
HG02461	0.222449	0.277476	0.277259	0.222816
HG02462	0.222481	0.277464	0.277241	0.222813
HG02464	0.222458	0.277473	0.277273	0.222796
HG02465	0.222467	0.277468	0.277259	0.222806
HG02490	0.222490	0.277462	0.277216	0.222832
HG02491	0.222516	0.277446	0.277193	0.222845
HG02493	0.222497	0.277448	0.277209	0.222846
HG02494	0.222494	0.277441	0.277210	0.222855
HG02512	0.222493	0.277445	0.277223	0.222839
HG02513	0.222475	0.277434	0.277238	0.222853
HG02521	0.222483	0.277431	0.277230	0.222856
HG02522	0.222506	0.277459	0.277204	0.222831
HG02561	0.222454	0.277464	0.277254	0.222828
HG02562	0.222464	0.277478	0.277252	0.222807
HG02568	0.222439	0.277494	0.277270	0.222797
HG02570	0.222465	0.277469	0.277261	0.222805
HG02571	0.222464	0.277494	0.277257	0.222785
HG02573	0.222449	0.277476	0.277259	0.222815
HG02574	0.222455	0.277479	0.277262	0.222803
HG02582	0.222461	0.277470	0.277259	0.222810
HG02583	0.222455	0.277461	0.277260	0.222824
HG02585	0.222445	0.277467	0.277279	0.222809
HG02586	0.222462	0.277469	0.277260	0.222808
HG02588	0.222460	0.277471	0.277254	0.222815
HG02589	0.222466	0.277472	0.277249	0.222813
HG02594	0.222469	0.277456	0.277255	0.222820
HG02595	0.222472	0.277480	0.277246	0.222802
HG02597	0.222509	0.277462	0.277194	0.222835
HG02600	0.222493	0.277453	0.277214	0.222841
HG02601	0.222500	0.277438	0.277209	0.222853
HG02603	0.222488	0.277467	0.277197	0.222849
HG02604	0.222494	0.277447	0.277220	0.222839
HG02610	0.222450	0.277472	0.277264	0.222814
HG02611	0.222451	0.277473	0.277268	0.222809
HG02613	0.222465	0.277468	0.277255	0.222812
HG02614	0.222466	0.277491	0.277243	0.222800
HG02620	0.222473	0.277463	0.277246	0.222817
HG02621	0.222435	0.277483	0.277269	0.222813
HG02623	0.222482	0.277463	0.277237	0.222818
HG02624	0.222468	0.277475	0.277259	0.222798
HG02628	0.222472	0.277469	0.277251	0.222808
HG02629	0.222456	0.277466	0.277265	0.222813
HG02634	0.222467	0.277460	0.277261	0.222811
HG02635	0.222462	0.277466	0.277272	0.222801
HG02642	0.222441	0.277482	0.277276	0.222802
HG02643	0.222443	0.277480	0.277269	0.222807
HG02645	0.222442	0.277491	0.277273	0.222794
HG02646	0.222459	0.277473	0.277256	0.222812
HG02648	0.222500	0.277447	0.277210	0.222842
HG02649	0.222492	0.277448	0.277219	0.222842
HG02651	0.222482	0.277436	0.277226	0.222857
HG02652	0.222492	0.277456	0.277217	0.222836
HG02654	0.222507	0.277442	0.277193	0.222858
HG02655	0.222507	0.277431	0.277210	0.222851
HG02657	0.222511	0.277431	0.277206	0.222852
HG02658	0.222484	0.277459	0.277224	0.222833
HG02660	0.222511	0.277444	0.277201	0.222844
HG02661	0.222484	0.277458	0.277214	0.222845
HG02666	0.222464	0.277481	0.277255	0.222799
HG02667	0.222447	0.277471	0.277260	0.222822
HG02675	0.222453	0.277459	0.277265	0.222824
HG02676	0.222454	0.277479	0.277246	0.222821
HG02678	0.222463	0.277491	0.277253	0.222793
HG02679	0.222467	0.277482	0.277253	0.222799
HG02681	0.222516	0.277443	0.277189	0.222852
HG02682	0.222511	0.277448	0.277206	0.222835
HG02684	0.222495	0.277458	0.277195	0.222852
HG02685	0.222488	0.277444	0.277208	0.222860
HG02687	0.222489	0.277463	0.277219	0.222829
HG02688	0.222494	0.277459	0.277205	0.222842
HG02690	0.222490	0.277461	0.277207	0.222842
HG02691	0.222483	0.277456	0.277221	0.222839
HG02694	0.222513	0.277453	0.277193	0.222841
HG02696	0.222496	0.277449	0.277208	0.222848
HG02697	0.222497	0.277439	0.277212	0.222852
HG02699	0.222490	0.277461	0.277211	0.222838
HG02700	0.222496	0.277453	0.277205	0.222846
HG02702	0.222439	0.277479	0.277266	0.222816
HG02703	0.222465	0.277469	0.277265	0.222801
HG02715	0.222473	0.277483	0.277247	0.222798
HG02716	0.222442	0.277465	0.277281	0.222812
HG02721	0.222461	0.277468	0.277255	0.222816
HG02722	0.222458	0.277483	0.277255	0.222804
HG02724	0.222477	0.277461	0.277224	0.222838
HG02725	0.222478	0.277452	0.277222	0.222849
HG02727	0.222484	0.277457	0.277219	0.222840
HG02728	0.222491	0.277452	0.277224	0.222833
HG02731	0.222493	0.277460	0.277220	0.222826
HG02733	0.222492	0.277455	0.277217	0.222837
HG02734	0.222496	0.277440	0.277222	0.222841
HG02736	0.222493	0.277453	0.277214	0.222841
HG02737	0.222491	0.277451	0.277213	0.222845
HG02756	0.222473	0.277464	0.277253	0.222810
HG02757	0.222457	0.277475	0.277260	0.222808
HG02759	0.222460	0.277467	0.277240	0.222833
HG02760	0.222450	0.277478	0.277262	0.222810
HG02763	0.222453	0.277471	0.277272	0.222804
HG02768	0.222449	0.277475	0.277265	0.222810
HG02769	0.222455	0.277491	0.277261	0.222793
HG02771	0.222462	0.277473	0.277265	0.222799
HG02772	0.222457	0.277477	0.277250	0.222816
HG02774	0.222492	0.277452	0.277206	0.222850
HG02775	0.222496	0.277452	0.277204	0.222849
HG02778	0.222479	0.277448	0.277222	0.222851
HG02780	0.222490	0.277445	0.277215	0.222850
HG02783	0.222503	0.277436	0.277214	0.222847
HG02784	0.222486	0.277469	0.277214	0.222830
HG02786	0.222494	0.277455	0.277210	0.222841
HG02787	0.222495	0.277450	0.277218	0.222836
HG02789	0.222487	0.277443	0.277213	0.222857
HG02790	0.222495	0.277459	0.277203	0.222843
HG02792	0.222509	0.277446	0.277208	0.222837
HG02793	0.222508	0.277444	0.277193	0.222855
HG02798	0.222475	0.277468	0.277248	0.222809
HG02799	0.222449	0.277475	0.277271	0.222806
HG02804	0.222458	0.277477	0.277253	0.222812
HG02805	0.222444	0.277471	0.277271	0.222814
HG02807	0.222458	0.277453	0.277272	0.222817
HG02808	0.222439	0.277505	0.277254	0.222802
HG02810	0.222458	0.277470	0.277256	0.222817
HG02811	0.222456	0.277465	0.277266	0.222813
HG02813	0.222453	0.277475	0.277261	0.222810
HG02814	0.222469	0.277484	0.277247	0.222799
HG02816	0.222459	0.277475	0.277252	0.222814
HG02817	0.222464	0.277472	0.277259	0.222805
HG02819	0.222447	0.277488	0.277286	0.222779
HG02820	0.222468	0.277468	0.277254	0.222810
HG02836	0.222481	0.277474	0.277247	0.222798
HG02837	0.222478	0.277477	0.277230	0.222815
HG02839	0.222462	0.277472	0.277262	0.222804
HG02840	0.222457	0.277472	0.277261	0.222809
HG02851	0.222475	0.277469	0.277232	0.222824
HG02852	0.222456	0.277491	0.277264	0.222789
HG02854	0.222461	0.277487	0.277257	0.222795
HG02855	0.222460	0.277469	0.277250	0.222821
HG02860	0.222474	0.277482	0.277250	0.222794
HG02861	0.222473	0.277471	0.277245	0.222810
HG02870	0.222444	0.277472	0.277280	0.222804
HG02878	0.222444	0.277476	0.277275	0.222804
HG02879	0.222476	0.277479	0.277241	0.222804
HG02881	0.222469	0.277445	0.277252	0.222834
HG02882	0.222479	0.277449	0.277252	0.222820
HG02884	0.222472	0.277493	0.277247	0.222788
HG02885	0.222474	0.277471	0.277243	0.222812
HG02887	0.222473	0.277466	0.277252	0.222808
HG02888	0.222455	0.277485	0.277264	0.222796
HG02890	0.222471	0.277461	0.277258	0.222811
HG02891	0.222459	0.277480	0.277264	0.222797
HG02895	0.222451	0.277464	0.277259	0.222826
HG02896	0.222471	0.277473	0.277254	0.222802
HG02922	0.222453	0.277476	0.277270	0.222801
HG02923	0.222454	0.277478	0.277266	0.222802
HG02938	0.222457	0.277486	0.277262	0.222795
HG02941	0.222454	0.277466	0.277264	0.222815
HG02943	0.222475	0.277466	0.277261	0.222799
HG02944	0.222468	0.277455	0.277253	0.222823
HG02946	0.222443	0.277464	0.277277	0.222816
HG02947	0.222462	0.277460	0.277258	0.222820
HG02952	0.222456	0.277479	0.277277	0.222788
HG02953	0.222463	0.277475	0.277260	0.222803
HG02968	0.222459	0.277475	0.277263	0.222802
HG02970	0.222452	0.277475	0.277269	0.222805
HG02971	0.222458	0.277481	0.277260	0.222801
HG02973	0.222442	0.277487	0.277270	0.222800
HG02974	0.222468	0.277482	0.277262	0.222789
HG02976	0.222459	0.277495	0.277252	0.222794
HG02977	0.222468	0.277464	0.277260	0.222809
HG02979	0.222463	0.277487	0.277251	0.222799
HG02981	0.222464	0.277444	0.277258	0.222834
HG02982	0.222457	0.277474	0.277263	0.222805
HG02983	0.222461	0.277466	0.277261	0.222812
HG03006	0.222485	0.277468	0.277222	0.222826
HG03007	0.222486	0.277447	0.277218	0.222848
HG03009	0.222477	0.277438	0.277230	0.222856
HG03012	0.222502	0.277458	0.277198	0.222842
HG03015	0.222500	0.277448	0.277213	0.222839
HG03016	0.222503	0.277430	0.277206	0.222862
HG03018	0.222489	0.277455	0.277211	0.222845
HG03019	0.222511	0.277457	0.277202	0.222830
HG03021	0.222495	0.277453	0.277219	0.222833
HG03022	0.222472	0.277454	0.277233	0.222841
HG03024	0.222443	0.277472	0.277289	0.222795
HG03025	0.222459	0.277486	0.277256	0.222799
HG03027	0.222461	0.277475	0.277260	0.222803
HG03028	0.222463	0.277474	0.277259	0.222804
HG03039	0.222464	0.277474	0.277251	0.222811
HG03040	0.222470	0.277466	0.277248	0.222816
HG03045	0.222426	0.277484	0.277281	0.222809
HG03046	0.222464	0.277471	0.277256	0.222809
HG03048	0.222459	0.277470	0.277251	0.222820
HG03049	0.222453	0.277481	0.277269	0.222797
HG03052	0.222448	0.277474	0.277274	0.222804
HG03054	0.222454	0.277488	0.277267	0.222790
HG03055	0.222472	0.277468	0.277261	0.222800
HG03057	0.222448	0.277479	0.277270	0.222802
HG03058	0.222458	0.277471	0.277260	0.222810
HG03060	0.222466	0.277453	0.277267	0.222814
HG03061	0.222451	0.277470	0.277256	0.222823
HG03063	0.222459	0.277473	0.277255	0.222814
HG03064	0.222447	0.277470	0.277279	0.222804
HG03066	0.222454	0.277461	0.277253	0.222832
HG03069	0.222439	0.277481	0.277291	0.222789
HG03072	0.222464	0.277476	0.277250	0.222809
HG03073	0.222465	0.277472	0.277254	0.222809
HG03074	0.222463	0.277472	0.277269	0.222796
HG03077	0.222439	0.277475	0.277275	0.222811
HG03078	0.222437	0.277498	0.277271	0.222794
HG03079	0.222437	0.277491	0.277267	0.222805
HG03081	0.222460	0.277474	0.277253	0.222813
HG03082	0.222467	0.277489	0.277252	0.222791
HG03084	0.222435	0.277485	0.277273	0.222808
HG03085	0.222456	0.277472	0.277275	0.222797
HG03086	0.222455	0.277477	0.277265	0.222803
HG03088	0.222444	0.277475	0.277268	0.222813
HG03091	0.222449	0.277486	0.277266	0.222799
HG03095	0.222471	0.277443	0.277263	0.222823
HG03096	0.222442	0.277471	0.277262	0.222825
HG03097	0.222448	0.277484	0.277261	0.222807
HG03099	0.222482	0.277483	0.277247	0.222788
HG03100	0.222450	0.277479	0.277269	0.222802
HG03103	0.222452	0.277467	0.277275	0.222806
HG03105	0.222450	0.277500	0.277268	0.222782
HG03108	0.222462	0.277466	0.277271	0.222801
HG03109	0.222441	0.277493	0.277272	0.222794
HG03111	0.222466	0.277465	0.277264	0.222804
HG03112	0.222459	0.277468	0.277266	0.222807
HG03114	0.222473	0.277468	0.277261	0.222797
HG03115	0.222466	0.277480	0.277254	0.222799
HG03117	0.222474	0.277471	0.277241	0.222814
HG03118	0.222465	0.277471	0.277259	0.222805
HG03120	0.222456	0.277469	0.277276	0.222799
HG03121	0.222453	0.277464	0.277280	0.222803
HG03123	0.222446	0.277487	0.277269	0.222798
HG03124	0.222447	0.277472	0.277272	0.222809
HG03126	0.222449	0.277502	0.277261	0.222788
HG03127	0.222456	0.277481	0.277254	0.222810
HG03129	0.222458	0.277473	0.277267	0.222802
HG03130	0.222449	0.277493	0.277256	0.222803
HG03132	0.222448	0.277467	0.277264	0.222821
HG03133	0.222461	0.277488	0.277264	0.222787
HG03135	0.222449	0.277486	0.277268	0.222797
HG03136	0.222451	0.277510	0.277249	0.222789
HG03139	0.222455	0.277463	0.277270	0.222812
HG03157	0.222443	0.277468	0.277272	0.222818
HG03159	0.222451	0.277501	0.277269	0.222780
HG03160	0.222456	0.277464	0.277275	0.222806
HG03162	0.222443	0.277479	0.277275	0.222804
HG03163	0.222455	0.277484	0.277260	0.222801
HG03166	0.222447	0.277455	0.277267	0.222831
HG03168	0.222443	0.277479	0.277282	0.222796
HG03169	0.222466	0.277488	0.277266	0.222780
HG03172	0.222444	0.277461	0.277264	0.222830
HG03175	0.222461	0.277461	0.277263	0.222815
HG03189	0.222455	0.277476	0.277271	0.222798
HG03190	0.222463	0.277480	0.277249	0.222808
HG03193	0.222445	0.277496	0.277257	0.222803
HG03195	0.222460	0.277479	0.277256	0.222806
HG03196	0.222443	0.277487	0.277274	0.222795
HG03198	0.222449	0.277477	0.277273	0.222801
HG03199	0.222460	0.277464	0.277254	0.222821
HG03202	0.222446	0.277491	0.277269	0.222794
HG03209	0.222445	0.277478	0.277276	0.222802
HG03212	0.222430	0.277484	0.277290	0.222796
HG03224	0.222451	0.277454	0.277272	0.222823
HG03225	0.222436	0.277485	0.277277	0.222801
HG03228	0.222496	0.277472	0.277214	0.222818
HG03229	0.222484	0.277449	0.277218	0.222849
HG03234	0.222502	0.277459	0.277193	0.222846
HG03235	0.222514	0.277456	0.277199	0.222832
HG03237	0.222514	0.277454	0.277201	0.222831
HG03238	0.222511	0.277445	0.277191	0.222853
HG03240	0.222454	0.277468	0.277269	0.222808
HG03241	0.222451	0.277454	0.277266	0.222828
HG03246	0.222477	0.277471	0.277247	0.222806
HG03247	0.222464	0.277488	0.277267	0.222781
HG03258	0.222461	0.277475	0.277264	0.222801
HG03259	0.222453	0.277470	0.277258	0.222818
HG03265	0.222436	0.277473	0.277282	0.222809
HG03267	0.222463	0.277466	0.277266	0.222805
HG03268	0.222458	0.277477	0.277251	0.222814
HG03270	0.222447	0.277463	0.277278	0.222812
HG03271	0.222450	0.277458	0.277272	0.222820
HG03279	0.222457	0.277472	0.277268	0.222803
HG03280	0.222458	0.277467	0.277255	0.222820
HG03291	0.222457	0.277482	0.277261	0.222800
HG03294	0.222462	0.277474	0.277260	0.222803
HG03295	0.222470	0.277482	0.277257	0.222792
HG03297	0.222451	0.277471	0.277277	0.222801
HG03298	0.222447	0.277495	0.277287	0.222771
HG03300	0.222465	0.277484	0.277245	0.222805
HG03301	0.222462	0.277487	0.277252	0.222799
HG03303	0.222448	0.277481	0.277267	0.222804
HG03304	0.222467	0.277483	0.277254	0.222796
HG03311	0.222466	0.277465	0.277255	0.222814
HG03313	0.222437	0.277475	0.277277	0.222812
HG03342	0.222459	0.277474	0.277257	0.222811
HG03343	0.222461	0.277474	0.277267	0.222798
HG03351	0.222435	0.277481	0.277279	0.222804
HG03352	0.222466	0.277486	0.277250	0.222797
HG03354	0.222461	0.277464	0.277268	0.222807
HG03363	0.222457	0.277463	0.277262	0.222818
HG03366	0.222460	0.277481	0.277261	0.222798
HG03367	0.222447	0.277473	0.277285	0.222796
HG03369	0.222468	0.277481	0.277257	0.222794
HG03370	0.222447	0.277491	0.277258	0.222804
HG03372	0.222461	0.277507	0.277256	0.222777
HG03376	0.222439	0.277480	0.277271	0.222811
HG03378	0.222448	0.277463	0.277269	0.222819
HG03380	0.222471	0.277474	0.277246	0.222810
HG03382	0.222457	0.277479	0.277276	0.222788
HG03385	0.222469	0.277485	0.277243	0.222803
HG03388	0.222454	0.277465	0.277259	0.222822
HG03391	0.222442	0.277479	0.277272	0.222807
HG03394	0.222455	0.277469	0.277258	0.222819
HG03397	0.222464	0.277486	0.277265	0.222785
HG03401	0.222432	0.277506	0.277285	0.222777
HG03410	0.222440	0.277497	0.277286	0.222777
HG03419	0.222444	0.277487	0.277275	0.222795
HG03428	0.222451	0.277458	0.277267	0.222824
HG03432	0.222431	0.277483	0.277280	0.222805
HG03433	0.222454	0.277483	0.277261	0.222802
HG03436	0.222463	0.277479	0.277260	0.222798
HG03437	0.222452	0.277490	0.277263	0.222794
HG03439	0.222456	0.277477	0.277263	0.222804
HG03442	0.222458	0.277481	0.277251	0.222810
HG03445	0.222466	0.277470	0.277252	0.222813
HG03446	0.222423	0.277483	0.277299	0.222795
HG03449	0.222448	0.277473	0.277263	0.222816
HG03451	0.222445	0.277503	0.277279	0.222774
HG03452	0.222450	0.277460	0.277279	0.222811
HG03455	0.222443	0.277496	0.277278	0.222783
HG03457	0.222447	0.277471	0.277259	0.222823
HG03458	0.222452	0.277485	0.277266	0.222796
HG03460	0.222465	0.277482	0.277244	0.222810
HG03461	0.222452	0.277501	0.277270	0.222777
HG03464	0.222439	0.277470	0.277267	0.222824
HG03469	0.222437	0.277492	0.277271	0.222800
HG03470	0.222472	0.277463	0.277252	0.222814
HG03472	0.222471	0.277485	0.277249	0.222795
HG03473	0.222466	0.277484	0.277252	0.222798
HG03476	0.222464	0.277478	0.277259	0.222800
HG03478	0.222449	0.277481	0.277255	0.222814
HG03479	0.222443	0.277472	0.277275	0.222810
HG03484	0.222452	0.277470	0.277265	0.222813
HG03485	0.222446	0.277485	0.277264	0.222805
HG03488	0.222516	0.277456	0.277199	0.222829
HG03490	0.222489	0.277458	0.277219	0.222834
HG03491	0.222496	0.277436	0.277212	0.222857
HG03499	0.222467	0.277472	0.277265	0.222796
HG03511	0.222463	0.277482	0.277262	0.222793
HG03514	0.222458	0.277465	0.277267	0.222811
HG03515	0.222462	0.277480	0.277251	0.222807
HG03517	0.222463	0.277488	0.277261	0.222788
HG03518	0.222441	0.277468	0.277284	0.222807
HG03520	0.222473	0.277459	0.277250	0.222818
HG03521	0.222462	0.277485	0.277270	0.222784
HG03538	0.222457	0.277493	0.277256	0.222794
HG03539	0.222462	0.277463	0.277247	0.222827
HG03547	0.222447	0.277451	0.277275	0.222828
HG03548	0.222437	0.277463	0.277297	0.222802
HG03556	0.222467	0.277464	0.277261	0.222808
HG03557	0.222453	0.277477	0.277276	0.222794
HG03558	0.222449	0.277490	0.277273	0.222787
HG03559	0.222463	0.277464	0.277277	0.222796
HG03563	0.222449	0.277474	0.277273	0.222804
HG03565	0.222441	0.277466	0.277271	0.222822
HG03567	0.222447	0.277483	0.277272	0.222799
HG03571	0.222458	0.277467	0.277270	0.222805
HG03572	0.222435	0.277487	0.277280	0.222798
HG03575	0.222462	0.277470	0.277266	0.222803
HG03577	0.222440	0.277481	0.277261	0.222818
HG03578	0.222460	0.277485	0.277251	0.222803
HG03583	0.222441	0.277481	0.277287	0.222791
HG03585	0.222492	0.277442	0.277219	0.222847
HG03589	0.222487	0.277450	0.277225	0.222838
HG03593	0.222506	0.277466	0.277193	0.222835
HG03594	0.222493	0.277452	0.277212	0.222842
HG03595	0.222508	0.277454	0.277205	0.222834
HG03598	0.222502	0.277442	0.277225	0.222830
HG03600	0.222503	0.277435	0.277209	0.222852
HG03603	0.222496	0.277448	0.277219	0.222838
HG03604	0.222495	0.277444	0.277220	0.222841
HG03607	0.222494	0.277443	0.277216	0.222847
HG03611	0.222501	0.277456	0.277202	0.222840
HG03615	0.222487	0.277441	0.277225	0.222847
HG03616	0.222485	0.277436	0.277222	0.222857
HG03619	0.222503	0.277447	0.277207	0.222842
HG03624	0.222512	0.277449	0.277201	0.222838
HG03625	0.222476	0.277452	0.277213	0.222859
HG03629	0.222511	0.277439	0.277208	0.222843
HG03631	0.222509	0.277440	0.277196	0.222855
HG03634	0.222503	0.277445	0.277214	0.222838
HG03636	0.222486	0.277460	0.277228	0.222826
HG03640	0.222503	0.277446	0.277204	0.222846
HG03642	0.222489	0.277462	0.277215	0.222834
HG03643	0.222515	0.277454	0.277202	0.222829
HG03644	0.222495	0.277466	0.277218	0.222821
HG03645	0.222495	0.277460	0.277211	0.222834
HG03646	0.222489	0.277459	0.277227	0.222825
HG03649	0.222514	0.277451	0.277203	0.222833
HG03652	0.222498	0.277445	0.277203	0.222854
HG03653	0.222513	0.277453	0.277202	0.222831
HG03660	0.222495	0.277451	0.277204	0.222850
HG03663	0.222518	0.277439	0.277202	0.222842
HG03667	0.222496	0.277459	0.277212	0.222833
HG03668	0.222517	0.277448	0.277194	0.222842
HG03672	0.222498	0.277445	0.277209	0.222848
HG03673	0.222500	0.277457	0.277213	0.222830
HG03679	0.222502	0.277445	0.277204	0.222849
HG03680	0.222503	0.277458	0.277195	0.222845
HG03681	0.222490	0.277440	0.277212	0.222858
HG03684	0.222488	0.277451	0.277219	0.222842
HG03685	0.222478	0.277458	0.277226	0.222838
HG03686	0.222509	0.277459	0.277205	0.222827
HG03687	0.222493	0.277452	0.277210	0.222845
HG03689	0.222500	0.277446	0.277223	0.222832
HG03690	0.222508	0.277464	0.277192	0.222836
HG03691	0.222500	0.277437	0.277218	0.222846
HG03692	0.222488	0.277452	0.277219	0.222842
HG03693	0.222496	0.277434	0.277235	0.222836
HG03694	0.222489	0.277453	0.277225	0.222832
HG03695	0.222483	0.277460	0.277222	0.222835
HG03696	0.222509	0.277454	0.277206	0.222832
HG03697	0.222495	0.277447	0.277211	0.222848
HG03698	0.222508	0.277445	0.277204	0.222842
HG03702	0.222492	0.277458	0.277207	0.222843
HG03703	0.222509	0.277443	0.277200	0.222848
HG03705	0.222495	0.277458	0.277204	0.222843
HG03706	0.222494	0.277438	0.277216	0.222852
HG03708	0.222476	0.277468	0.277220	0.222837
HG03709	0.222497	0.277459	0.277209	0.222834
HG03711	0.222511	0.277451	0.277207	0.222831
HG03713	0.222501	0.277467	0.277194	0.222838
HG03714	0.222490	0.277464	0.277216	0.222830
HG03716	0.222509	0.277438	0.277208	0.222844
HG03717	0.222512	0.277446	0.277203	0.222839
HG03718	0.222487	0.277451	0.277236	0.222826
HG03720	0.222496	0.277473	0.277218	0.222812
HG03722	0.222501	0.277432	0.277214	0.222853
HG03727	0.222490	0.277455	0.277224	0.222830
HG03729	0.222492	0.277444	0.277207	0.222857
HG03730	0.222493	0.277449	0.277230	0.222827
HG03731	0.222508	0.277446	0.277199	0.222848
HG03733	0.222501	0.277452	0.277206	0.222841
HG03736	0.222482	0.277446	0.277221	0.222850
HG03738	0.222505	0.277454	0.277200	0.222841
HG03740	0.222494	0.277446	0.277209	0.222851
HG03741	0.222508	0.277446	0.277204	0.222842
HG03742	0.222496	0.277440	0.277214	0.222850
HG03743	0.222504	0.277462	0.277196	0.222838
HG03744	0.222500	0.277458	0.277206	0.222836
HG03745	0.222492	0.277465	0.277213	0.222829
HG03746	0.222510	0.277450	0.277196	0.222844
HG03750	0.222491	0.277444	0.277226	0.222839
HG03752	0.222489	0.277458	0.277213	0.222840
HG03753	0.222489	0.277466	0.277217	0.222829
HG03754	0.222497	0.277452	0.277219	0.222833
HG03755	0.222496	0.277450	0.277206	0.222847
HG03756	0.222504	0.277428	0.277207	0.222860
HG03757	0.222492	0.277447	0.277224	0.222838
HG03760	0.222499	0.277464	0.277211	0.222826
HG03762	0.222480	0.277462	0.277229	0.222830
HG03765	0.222509	0.277448	0.277201	0.222842
HG03767	0.222513	0.277450	0.277187	0.222850
HG03770	0.222504	0.277452	0.277211	0.222833
HG03771	0.222506	0.277447	0.277201	0.222846
HG03772	0.222489	0.277456	0.277218	0.222836
HG03773	0.222486	0.277452	0.277218	0.222844
HG03774	0.222476	0.277450	0.277230	0.222843
HG03775	0.222505	0.277441	0.277210	0.222843
HG03777	0.222505	0.277454	0.277201	0.222840
HG03778	0.222506	0.277452	0.277199	0.222843
HG03779	0.222508	0.277449	0.277204	0.222838
HG03780	0.222506	0.277453	0.277208	0.222832
HG03781	0.222497	0.277467	0.277211	0.222824
HG03782	0.222500	0.277440	0.277221	0.222839
HG03784	0.222500	0.277449	0.277213	0.222837
HG03785	0.222497	0.277450	0.277221	0.222832
HG03786	0.222495	0.277433	0.277218	0.222855
HG03787	0.222500	0.277452	0.277208	0.222839
HG03788	0.222502	0.277446	0.277211	0.222841
HG03789	0.222515	0.277455	0.277200	0.222830
HG03790	0.222493	0.277454	0.277214	0.222840
HG03792	0.222505	0.277447	0.277208	0.222840
HG03793	0.222514	0.277443	0.277210	0.222833
HG03796	0.222483	0.277453	0.277223	0.222840
HG03800	0.222490	0.277454	0.277225	0.222832
HG03802	0.222495	0.277437	0.277210	0.222859
HG03803	0.222506	0.277440	0.277221	0.222833
HG03805	0.222507	0.277446	0.277207	0.222840
HG03808	0.222506	0.277444	0.277202	0.222848
HG03809	0.222498	0.277440	0.277216	0.222846
HG03812	0.222492	0.277450	0.277223	0.222834
HG03814	0.222516	0.277449	0.277202	0.222833
HG03815	0.222495	0.277441	0.277225	0.222839
HG03817	0.222485	0.277466	0.277209	0.222839
HG03821	0.222509	0.277443	0.277206	0.222842
HG03823	0.222496	0.277447	0.277215	0.222842
HG03824	0.222495	0.277446	0.277220	0.222838
HG03826	0.222495	0.277449	0.277215	0.222840
HG03829	0.222503	0.277455	0.277210	0.222832
HG03830	0.222498	0.277442	0.277222	0.222838
HG03832	0.222476	0.277466	0.277230	0.222828
HG03833	0.222487	0.277471	0.277215	0.222826
HG03836	0.222500	0.277436	0.277218	0.222846
HG03837	0.222485	0.277472	0.277206	0.222836
HG03838	0.222494	0.277444	0.277227	0.222835
HG03844	0.222495	0.277446	0.277211	0.222848
HG03846	0.222501	0.277454	0.277207	0.222839
HG03848	0.222485	0.277458	0.277208	0.222848
HG03849	0.222489	0.277433	0.277207	0.222872
HG03850	0.222495	0.277433	0.277216	0.222856
HG03851	0.222506	0.277443	0.277197	0.222854
HG03854	0.222473	0.277439	0.277241	0.222848
HG03856	0.222503	0.277441	0.277217	0.222839
HG03857	0.222497	0.277468	0.277202	0.222833
HG03858	0.222493	0.277455	0.277222	0.222829
HG03861	0.222496	0.277450	0.277211	0.222843
HG03862	0.222496	0.277453	0.277211	0.222840
HG03863	0.222494	0.277456	0.277212	0.222838
HG03864	0.222493	0.277461	0.277214	0.222833
HG03866	0.222488	0.277453	0.277220	0.222839
HG03867	0.222496	0.277452	0.277220	0.222831
HG03868	0.222504	0.277440	0.277206	0.222850
HG03869	0.222489	0.277454	0.277216	0.222841
HG03870	0.222485	0.277441	0.277234	0.222840
HG03871	0.222473	0.277461	0.277232	0.222834
HG03872	0.222495	0.277440	0.277212	0.222853
HG03873	0.222494	0.277439	0.277210	0.222856
HG03874	0.222485	0.277441	0.277218	0.222856
HG03875	0.222496	0.277455	0.277210	0.222839
HG03882	0.222496	0.277446	0.277210	0.222848
HG03884	0.222491	0.277455	0.277213	0.222842
HG03885	0.222491	0.277449	0.277221	0.222840
HG03886	0.222509	0.277449	0.277198	0.222844
HG03887	0.222511	0.277448	0.277204	0.222837
HG03888	0.222502	0.277440	0.277209	0.222849
HG03890	0.222499	0.277459	0.277216	0.222826
HG03894	0.222488	0.277459	0.277231	0.222822
HG03895	0.222491	0.277438	0.277210	0.222861
HG03896	0.222496	0.277438	0.277218	0.222848
HG03897	0.222484	0.277451	0.277217	0.222849
HG03898	0.222506	0.277428	0.277218	0.222848
HG03899	0.222500	0.277456	0.277202	0.222842
HG03900	0.222473	0.277461	0.277215	0.222851
HG03902	0.222506	0.277444	0.277204	0.222845
HG03905	0.222501	0.277448	0.277201	0.222850
HG03907	0.222508	0.277438	0.277212	0.222842
HG03908	0.222495	0.277456	0.277212	0.222837
HG03910	0.222517	0.277464	0.277198	0.222820
HG03911	0.222487	0.277456	0.277216	0.222841
HG03913	0.222492	0.277425	0.277220	0.222863
HG03914	0.222489	0.277464	0.277220	0.222827
HG03916	0.222486	0.277450	0.277229	0.222835
HG03917	0.222491	0.277451	0.277219	0.222839
HG03919	0.222475	0.277451	0.277218	0.222856
HG03920	0.222506	0.277452	0.277204	0.222838
HG03922	0.222492	0.277457	0.277220	0.222831
HG03925	0.222491	0.277464	0.277216	0.222829
HG03926	0.222485	0.277455	0.277237	0.222823
HG03928	0.222496	0.277441	0.277219	0.222844
HG03931	0.222506	0.277431	0.277204	0.222858
HG03934	0.222504	0.277455	0.277210	0.222832
HG03937	0.222510	0.277452	0.277199	0.222839
HG03940	0.222495	0.277437	0.277211	0.222857
HG03941	0.222486	0.277455	0.277219	0.222840
HG03943	0.222486	0.277450	0.277229	0.222835
HG03944	0.222486	0.277465	0.277217	0.222832
HG03945	0.222492	0.277441	0.277211	0.222855
HG03947	0.222504	0.277446	0.277204	0.222845
HG03949	0.222506	0.277459	0.277197	0.222838
HG03950	0.222486	0.277463	0.277213	0.222837
HG03951	0.222501	0.277458	0.277207	0.222834
HG03953	0.222489	0.277446	0.277228	0.222837
HG03955	0.222482	0.277466	0.277219	0.222833
HG03960	0.222495	0.277460	0.277217	0.222827
HG03963	0.222483	0.277455	0.277221	0.222842
HG03965	0.222485	0.277453	0.277241	0.222822
HG03967	0.222510	0.277437	0.277201	0.222852
HG03968	0.222476	0.277437	0.277233	0.222855
HG03969	0.222499	0.277445	0.277209	0.222847
HG03971	0.222486	0.277440	0.277225	0.222850
HG03973	0.222510	0.277458	0.277203	0.222829
HG03974	0.222492	0.277430	0.277223	0.222854
HG03976	0.222480	0.277449	0.277226	0.222846
HG03977	0.222482	0.277450	0.277234	0.222834
HG03978	0.222512	0.277436	0.277208	0.222844
HG03985	0.222489	0.277454	0.277230	0.222827
HG03986	0.222514	0.277445	0.277190	0.222852
HG03989	0.222500	0.277447	0.277209	0.222844
HG03990	0.222511	0.277451	0.277207	0.222832
HG03991	0.222493	0.277447	0.277217	0.222843
HG03995	0.222498	0.277464	0.277207	0.222831
HG03998	0.222490	0.277457	0.277208	0.222845
HG03999	0.222502	0.277452	0.277205	0.222841
HG04001	0.222496	0.277458	0.277225	0.222821
HG04002	0.222476	0.277465	0.277232	0.222827
HG04003	0.222498	0.277444	0.277214	0.222844
HG04006	0.222486	0.277456	0.277215	0.222843
HG04014	0.222491	0.277477	0.277199	0.222833
HG04015	0.222494	0.277464	0.277207	0.222836
HG04017	0.222498	0.277436	0.277221	0.222845
HG04018	0.222491	0.277444	0.277224	0.222842
HG04019	0.222499	0.277441	0.277209	0.222851
HG04020	0.222482	0.277447	0.277220	0.222851
HG04022	0.222510	0.277431	0.277203	0.222855
HG04023	0.222502	0.277459	0.277213	0.222826
HG04025	0.222484	0.277457	0.277212	0.222846
HG04026	0.222497	0.277449	0.277218	0.222836
HG04029	0.222488	0.277453	0.277211	0.222848
HG04033	0.222484	0.277451	0.277209	0.222857
HG04035	0.222501	0.277448	0.277201	0.222850
HG04038	0.222506	0.277438	0.277211	0.222845
HG04039	0.222483	0.277449	0.277225	0.222843
HG04042	0.222504	0.277434	0.277213	0.222849
HG04047	0.222504	0.277449	0.277207	0.222839
HG04054	0.222488	0.277440	0.277231	0.222841
HG04056	0.222486	0.277461	0.277226	0.222826
HG04059	0.222503	0.277451	0.277221	0.222825
HG04060	0.222490	0.277435	0.277226	0.222849
HG04061	0.222487	0.277449	0.277216	0.222848
HG04062	0.222490	0.277443	0.277225	0.222841
HG04063	0.222520	0.277439	0.277197	0.222844
HG04070	0.222503	0.277435	0.277206	0.222856
HG04075	0.222500	0.277437	0.277214	0.222848
HG04076	0.222482	0.277453	0.277226	0.222839
HG04080	0.222499	0.277454	0.277198	0.222850
HG04090	0.222484	0.277451	0.277223	0.222842
HG04093	0.222482	0.277453	0.277225	0.222840
HG04094	0.222499	0.277453	0.277214	0.222834
HG04096	0.222481	0.277453	0.277216	0.222850
HG04098	0.222491	0.277454	0.277218	0.222836
HG04099	0.222492	0.277444	0.277220	0.222844
HG04100	0.222501	0.277462	0.277207	0.222829
HG04106	0.222507	0.277457	0.277209	0.222828
HG04107	0.222501	0.277455	0.277211	0.222833
HG04118	0.222502	0.277451	0.277203	0.222843
HG04131	0.222477	0.277481	0.277226	0.222816
HG04134	0.222494	0.277464	0.277225	0.222818
HG04140	0.222489	0.277474	0.277226	0.222811
HG04141	0.222480	0.277452	0.277226	0.222842
HG04144	0.222503	0.277456	0.277198	0.222843
HG04146	0.222496	0.277451	0.277201	0.222852
HG04152	0.222505	0.277451	0.277202	0.222842
HG04153	0.222487	0.277443	0.277225	0.222845
HG04155	0.222500	0.277454	0.277202	0.222844
HG04156	0.222487	0.277449	0.277217	0.222846
HG04158	0.222499	0.277462	0.277210	0.222829
HG04159	0.222498	0.277462	0.277206	0.222834
HG04161	0.222499	0.277462	0.277213	0.222826
HG04162	0.222496	0.277444	0.277223	0.222836
HG04164	0.222499	0.277455	0.277225	0.222821
HG04171	0.222501	0.277470	0.277200	0.222829
HG04173	0.222502	0.277445	0.277197	0.222856
HG04176	0.222469	0.277475	0.277233	0.222824
HG04177	0.222493	0.277455	0.277219	0.222833
HG04180	0.222493	0.277441	0.277212	0.222854
HG04182	0.222487	0.277475	0.277210	0.222827
HG04183	0.222487	0.277438	0.277213	0.222862
HG04185	0.222486	0.277452	0.277232	0.222830
HG04186	0.222495	0.277445	0.277217	0.222842
HG04188	0.222479	0.277451	0.277219	0.222851
HG04189	0.222509	0.277468	0.277208	0.222814
HG04194	0.222486	0.277446	0.277217	0.222852
HG04195	0.222480	0.277453	0.277225	0.222842
HG04198	0.222482	0.277464	0.277216	0.222837
HG04200	0.222504	0.277466	0.277209	0.222822
HG04202	0.222510	0.277448	0.277205	0.222837
HG04206	0.222482	0.277464	0.277217	0.222837
HG04209	0.222507	0.277439	0.277209	0.222845
HG04210	0.222495	0.277462	0.277204	0.222839
HG04211	0.222506	0.277447	0.277208	0.222838
HG04212	0.222498	0.277454	0.277209	0.222840
HG04214	0.222490	0.277436	0.277223	0.222852
HG04216	0.222503	0.277448	0.277209	0.222840
HG04219	0.222501	0.277451	0.277208	0.222839
HG04222	0.222509	0.277446	0.277193	0.222853
HG04225	0.222503	0.277439	0.277209	0.222850
HG04227	0.222490	0.277454	0.277221	0.222835
HG04229	0.222499	0.277453	0.277200	0.222848
HG04235	0.222486	0.277437	0.277216	0.222861
HG04238	0.222500	0.277459	0.277197	0.222844
HG04239	0.222495	0.277450	0.277224	0.222832
NA06984	0.222512	0.277425	0.277198	0.222865
NA06985	0.222507	0.277457	0.277200	0.222836
NA06986	0.222519	0.277423	0.277213	0.222845
NA06989	0.222513	0.277436	0.277197	0.222854
NA06994	0.222521	0.277427	0.277199	0.222854
NA07000	0.222505	0.277432	0.277203	0.222859
NA07037	0.222502	0.277440	0.277199	0.222858
NA07048	0.222520	0.277419	0.277199	0.222862
NA07051	0.222496	0.277455	0.277210	0.222839
NA07056	0.222487	0.277462	0.277210	0.222841
NA07347	0.222511	0.277437	0.277197	0.222854
NA07357	0.222484	0.277431	0.277218	0.222867
NA10847	0.222506	0.277435	0.277195	0.222865
NA10851	0.222512	0.277452	0.277187	0.222849
NA11829	0.222497	0.277433	0.277204	0.222866
NA11830	0.222514	0.277436	0.277189	0.222860
NA11831	0.222500	0.277465	0.277205	0.222830
NA11832	0.222508	0.277452	0.277201	0.222839
NA11840	0.222519	0.277446	0.277192	0.222844
NA11843	0.222501	0.277447	0.277201	0.222850
NA11881	0.222502	0.277432	0.277207	0.222858
NA11892	0.222517	0.277441	0.277187	0.222854
NA11893	0.222523	0.277439	0.277198	0.222840
NA11894	0.222514	0.277460	0.277175	0.222851
NA11918	0.222510	0.277435	0.277198	0.222857
NA11919	0.222508	0.277440	0.277207	0.222845
NA11920	0.222514	0.277445	0.277200	0.222841
NA11930	0.222500	0.277443	0.277215	0.222843
NA11931	0.222508	0.277450	0.277206	0.222836
NA11932	0.222509	0.277455	0.277205	0.222832
NA11933	0.222508	0.277448	0.277200	0.222844
NA11992	0.222513	0.277440	0.277212	0.222834
NA11994	0.222513	0.277442	0.277200	0.222845
NA11995	0.222517	0.277446	0.277193	0.222843
NA12003	0.222504	0.277446	0.277207	0.222843
NA12004	0.222508	0.277439	0.277196	0.222857
NA12005	0.222523	0.277446	0.277195	0.222836
NA12006	0.222517	0.277431	0.277200	0.222852
NA12043	0.222524	0.277410	0.277193	0.222872
NA12044	0.222508	0.277442	0.277198	0.222852
NA12045	0.222491	0.277450	0.277215	0.222844
NA12046	0.222512	0.277437	0.277204	0.222848
NA12058	0.222518	0.277431	0.277194	0.222858
NA12144	0.222494	0.277449	0.277209	0.222848
NA12154	0.222496	0.277436	0.277213	0.222855
NA12155	0.222511	0.277434	0.277190	0.222864
NA12156	0.222497	0.277422	0.277213	0.222869
NA12234	0.222530	0.277433	0.277192	0.222845
NA12249	0.222505	0.277440	0.277204	0.222851
NA12272	0.222494	0.277463	0.277212	0.222831
NA12273	0.222491	0.277439	0.277207	0.222862
NA12275	0.222519	0.277449	0.277194	0.222838
NA12282	0.222503	0.277447	0.277213	0.222838
NA12283	0.222527	0.277435	0.277193	0.222845
NA12286	0.222521	0.277459	0.277186	0.222833
NA12287	0.222505	0.277460	0.277202	0.222833
NA12340	0.222519	0.277446	0.277185	0.222851
NA12341	0.222509	0.277443	0.277215	0.222834
NA12342	0.222511	0.277440	0.277204	0.222846
NA12347	0.222504	0.277445	0.277199	0.222852
NA12348	0.222514	0.277430	0.277200	0.222856
NA12383	0.222509	0.277447	0.277211	0.222832
NA12399	0.222513	0.277437	0.277201	0.222849
NA12400	0.222509	0.277442	0.277202	0.222846
NA12413	0.222509	0.277450	0.277188	0.222853
NA12414	0.222513	0.277433	0.277203	0.222851
NA12489	0.222509	0.277457	0.277202	0.222832
NA12546	0.222522	0.277452	0.277183	0.222844
NA12716	0.222512	0.277423	0.277201	0.222864
NA12717	0.222521	0.277449	0.277204	0.222826
NA12718	0.222499	0.277448	0.277211	0.222843
NA12748	0.222503	0.277459	0.277199	0.222840
NA12749	0.222501	0.277441	0.277208	0.222850
NA12750	0.222497	0.277430	0.277205	0.222868
NA12751	0.222493	0.277433	0.277217	0.222857
NA12760	0.222494	0.277441	0.277208	0.222856
NA12761	0.222490	0.277466	0.277213	0.222831
NA12762	0.222505	0.277436	0.277200	0.222860
NA12763	0.222496	0.277460	0.277211	0.222834
NA12775	0.222507	0.277433	0.277207	0.222853
NA12776	0.222520	0.277444	0.277194	0.222842
NA12777	0.222518	0.277446	0.277196	0.222840
NA12778	0.222516	0.277423	0.277205	0.222856
NA12812	0.222511	0.277435	0.277201	0.222854
NA12813	0.222512	0.277445	0.277206	0.222836
NA12814	0.222513	0.277447	0.277189	0.222851
NA12815	0.222487	0.277458	0.277221	0.222833
NA12827	0.222511	0.277443	0.277212	0.222834
NA12828	0.222508	0.277449	0.277191	0.222852
NA12829	0.222502	0.277455	0.277204	0.222838
NA12830	0.222498	0.277451	0.277201	0.222850
NA12842	0.222486	0.277455	0.277209	0.222850
NA12843	0.222512	0.277449	0.277189	0.222850
NA12872	0.222510	0.277440	0.277204	0.222846
NA12873	0.222519	0.277450	0.277190	0.222841
NA12874	0.222503	0.277436	0.277211	0.222850
NA12878	0.222500	0.277446	0.277211	0.222844
NA12889	0.222517	0.277439	0.277192	0.222852
NA12890	0.222515	0.277423	0.277208	0.222855
NA18486	0.222455	0.277483	0.277267	0.222795
NA18488	0.222450	0.277477	0.277263	0.222810
NA18489	0.222444	0.277475	0.277276	0.222805
NA18498	0.222457	0.277469	0.277252	0.222822
NA18499	0.222468	0.277480	0.277256	0.222796
NA18501	0.222447	0.277502	0.277259	0.222793
NA18502	0.222456	0.277453	0.277270	0.222821
NA18504	0.222460	0.277461	0.277259	0.222820
NA18505	0.222452	0.277462	0.277282	0.222803
NA18507	0.222466	0.277489	0.277254	0.222792
NA18508	0.222479	0.277463	0.277247	0.222811
NA18510	0.222467	0.277468	0.277264	0.222801
NA18511	0.222442	0.277466	0.277276	0.222816
NA18516	0.222452	0.277466	0.277272	0.222811
NA18517	0.222455	0.277484	0.277257	0.222804
NA18519	0.222449	0.277470	0.277266	0.222815
NA18520	0.222464	0.277484	0.277258	0.222794
NA18522	0.222466	0.277479	0.277256	0.222798
NA18523	0.222454	0.277494	0.277275	0.222777
NA18525	0.222486	0.277454	0.277230	0.222830
NA18526	0.222493	0.277448	0.277220	0.222839
NA18528	0.222486	0.277445	0.277233	0.222836
NA18530	0.222469	0.277444	0.277244	0.222843
NA18531	0.222491	0.277446	0.277225	0.222838
NA18532	0.222488	0.277441	0.277218	0.222852
NA18533	0.222497	0.277453	0.277225	0.222824
NA18534	0.222466	0.277454	0.277241	0.222839
NA18535	0.222492	0.277423	0.277234	0.222851
NA18536	0.222505	0.277443	0.277216	0.222836
NA18537	0.222485	0.277458	0.277229	0.222828
NA18538	0.222485	0.277449	0.277221	0.222845
NA18539	0.222491	0.277440	0.277230	0.222839
NA18541	0.222504	0.277457	0.277214	0.222825
NA18542	0.222478	0.277439	0.277232	0.222851
NA18543	0.222487	0.277444	0.277233	0.222836
NA18544	0.222485	0.277447	0.277235	0.222833
NA18545	0.222471	0.277441	0.277224	0.222864
NA18546	0.222500	0.277444	0.277212	0.222843
NA18547	0.222476	0.277442	0.277233	0.222849
NA18548	0.222488	0.277435	0.277223	0.222854
NA18549	0.222498	0.277447	0.277216	0.222838
NA18550	0.222497	0.277439	0.277223	0.222842
NA18552	0.222493	0.277443	0.277226	0.222838
NA18553	0.222500	0.277446	0.277214	0.222840
NA18555	0.222491	0.277453	0.277226	0.222831
NA18557	0.222482	0.277430	0.277232	0.222856
NA18558	0.222484	0.277447	0.277217	0.222853
NA18559	0.222483	0.277444	0.277228	0.222845
NA18560	0.222485	0.277450	0.277231	0.222834
NA18561	0.222498	0.277443	0.277220	0.222840
NA18562	0.222489	0.277436	0.277227	0.222848
NA18563	0.222484	0.277441	0.277238	0.222837
NA18564	0.222491	0.277433	0.277234	0.222842
NA18565	0.222488	0.277439	0.277228	0.222845
NA18566	0.222493	0.277453	0.277229	0.222826
NA18567	0.222487	0.277443	0.277226	0.222844
NA18570	0.222514	0.277439	0.277203	0.222845
NA18571	0.222502	0.277452	0.277218	0.222828
NA18572	0.222475	0.277436	0.277232	0.222857
NA18573	0.222484	0.277448	0.277234	0.222833
NA18574	0.222499	0.277466	0.277205	0.222830
NA18577	0.222490	0.277442	0.277231	0.222837
NA18579	0.222496	0.277445	0.277227	0.222832
NA18582	0.222480	0.277446	0.277231	0.222843
NA18591	0.222501	0.277444	0.277212	0.222843
NA18592	0.222491	0.277443	0.277216	0.222850
NA18593	0.222487	0.277443	0.277224	0.222847
NA18595	0.222497	0.277441	0.277226	0.222836
NA18596	0.222492	0.277453	0.277220	0.222835
NA18597	0.222509	0.277438	0.277210	0.222843
NA18599	0.222482	0.277462	0.277230	0.222826
NA18602	0.222489	0.277448	0.277234	0.222829
NA18603	0.222482	0.277444	0.277222	0.222852
NA18605	0.222481	0.277453	0.277245	0.222820
NA18606	0.222482	0.277450	0.277235	0.222832
NA18608	0.222480	0.277455	0.277229	0.222837
NA18609	0.222485	0.277447	0.277219	0.222849
NA18610	0.222498	0.277437	0.277211	0.222854
NA18611	0.222486	0.277452	0.277229	0.222833
NA18612	0.222491	0.277448	0.277223	0.222838
NA18613	0.222487	0.277452	0.277219	0.222842
NA18614	0.222492	0.277439	0.277214	0.222855
NA18615	0.222492	0.277452	0.277230	0.222827
NA18616	0.222495	0.277437	0.277219	0.222849
NA18617	0.222490	0.277449	0.277233	0.222828
NA18618	0.222478	0.277432	0.277237	0.222853
NA18619	0.222486	0.277443	0.277232	0.222839
NA18620	0.222492	0.277454	0.277223	0.222831
NA18621	0.222496	0.277457	0.277216	0.222831
NA18622	0.222496	0.277441	0.277218	0.222845
NA18623	0.222492	0.277444	0.277225	0.222840
NA18624	0.222501	0.277450	0.277225	0.222823
NA18625	0.222490	0.277452	0.277233	0.222825
NA18626	0.222479	0.277448	0.277228	0.222844
NA18627	0.222492	0.277435	0.277226	0.222848
NA18628	0.222501	0.277436	0.277215	0.222847
NA18629	0.222493	0.277457	0.277223	0.222828
NA18630	0.222485	0.277439	0.277228	0.222848
NA18631	0.222501	0.277433	0.277221	0.222845
NA18632	0.222497	0.277451	0.277217	0.222835
NA18633	0.222483	0.277433	0.277236	0.222848
NA18634	0.222482	0.277442	0.277239	0.222837
NA18635	0.222494	0.277452	0.277232	0.222822
NA18636	0.222488	0.277445	0.277230	0.222837
NA18637	0.222486	0.277439	0.277228	0.222847
NA18638	0.222490	0.277448	0.277207	0.222855
NA18639	0.222489	0.277437	0.277222	0.222852
NA18640	0.222497	0.277441	0.277230	0.222832
NA18641	0.222479	0.277444	0.277231	0.222847
NA18642	0.222486	0.277439	0.277227	0.222849
NA18643	0.222481	0.277461	0.277228	0.222830
NA18644	0.222494	0.277441	0.277225	0.222839
NA18645	0.222492	0.277436	0.277223	0.222850
NA18646	0.222480	0.277437	0.277237	0.222845
NA18647	0.222485	0.277462	0.277230	0.222823
NA18648	0.222487	0.277447	0.277237	0.222829
NA18740	0.222489	0.277443	0.277219	0.222850
NA18745	0.222485	0.277441	0.277230	0.222844
NA18747	0.222488	0.277448	0.277228	0.222836
NA18748	0.222495	0.277431	0.277228	0.222846
NA18749	0.222485	0.277454	0.277226	0.222835
NA18757	0.222497	0.277454	0.277212	0.222837
NA18853	0.222462	0.277478	0.277257	0.222803
NA18856	0.222464	0.277473	0.277271	0.222791
NA18858	0.222450	0.277484	0.277258	0.222807
NA18861	0.222444	0.277475	0.277274	0.222806
NA18864	0.222452	0.277469	0.277265	0.222814
NA18865	0.222457	0.277480	0.277262	0.222801
NA18867	0.222454	0.277484	0.277267	0.222795
NA18868	0.222462	0.277457	0.277261	0.222819
NA18870	0.222449	0.277481	0.277267	0.222803
NA18871	0.222462	0.277466	0.277255	0.222817
NA18873	0.222456	0.277484	0.277262	0.222797
NA18874	0.222464	0.277492	0.277263	0.222781
NA18876	0.222458	0.277469	0.277265	0.222807
NA18877	0.222459	0.277451	0.277263	0.222827
NA18878	0.222437	0.277469	0.277287	0.222807
NA18879	0.222450	0.277483	0.277262	0.222804
NA18881	0.222448	0.277470	0.277273	0.222810
NA18907	0.222449	0.277468	0.277267	0.222817
NA18908	0.222458	0.277450	0.277260	0.222832
NA18909	0.222449	0.277476	0.277271	0.222804
NA18910	0.222452	0.277449	0.277276	0.222823
NA18912	0.222454	0.277483	0.277251	0.222812
NA18915	0.222461	0.277475	0.277278	0.222786
NA18916	0.222448	0.277504	0.277259	0.222789
NA18917	0.222450	0.277483	0.277280	0.222788
NA18923	0.222466	0.277486	0.277253	0.222795
NA18924	0.222467	0.277468	0.277249	0.222815
NA18933	0.222458	0.277494	0.277257	0.222791
NA18934	0.222469	0.277464	0.277263	0.222803
NA18939	0.222485	0.277468	0.277220	0.222827
NA18940	0.222482	0.277436	0.277231	0.222851
NA18941	0.222482	0.277436	0.277237	0.222846
NA18942	0.222494	0.277443	0.277213	0.222851
NA18943	0.222490	0.277448	0.277232	0.222830
NA18944	0.222490	0.277443	0.277225	0.222843
NA18945	0.222489	0.277433	0.277230	0.222848
NA18946	0.222465	0.277445	0.277260	0.222830
NA18947	0.222494	0.277453	0.277227	0.222826
NA18948	0.222494	0.277443	0.277216	0.222847
NA18949	0.222489	0.277445	0.277241	0.222825
NA18950	0.222488	0.277463	0.277225	0.222824
NA18951	0.222477	0.277451	0.277233	0.222839
NA18952	0.222489	0.277446	0.277224	0.222841
NA18953	0.222485	0.277452	0.277223	0.222840
NA18954	0.222469	0.277450	0.277233	0.222848
NA18956	0.222472	0.277450	0.277242	0.222836
NA18957	0.222481	0.277447	0.277227	0.222846
NA18959	0.222494	0.277458	0.277221	0.222826
NA18960	0.222479	0.277443	0.277229	0.222850
NA18961	0.222490	0.277428	0.277217	0.222864
NA18962	0.222489	0.277441	0.277226	0.222845
NA18963	0.222483	0.277433	0.277235	0.222849
NA18964	0.222492	0.277452	0.277218	0.222838
NA18965	0.222479	0.277448	0.277232	0.222841
NA18966	0.222473	0.277453	0.277232	0.222841
NA18967	0.222491	0.277433	0.277218	0.222858
NA18968	0.222481	0.277457	0.277236	0.222826
NA18969	0.222476	0.277452	0.277227	0.222845
NA18970	0.222500	0.277448	0.277226	0.222826
NA18971	0.222509	0.277434	0.277213	0.222844
NA18972	0.222484	0.277435	0.277237	0.222844
NA18973	0.222484	0.277442	0.277226	0.222848
NA18974	0.222482	0.277447	0.277230	0.222841
NA18975	0.222473	0.277432	0.277248	0.222847
NA18976	0.222502	0.277446	0.277221	0.222831
NA18977	0.222497	0.277450	0.277221	0.222832
NA18978	0.222483	0.277458	0.277228	0.222831
NA18979	0.222491	0.277473	0.277215	0.222822
NA18980	0.222467	0.277457	0.277229	0.222847
NA18981	0.222490	0.277454	0.277225	0.222831
NA18982	0.222478	0.277452	0.277246	0.222824
NA18983	0.222489	0.277451	0.277217	0.222843
NA18984	0.222495	0.277452	0.277219	0.222834
NA18985	0.222482	0.277439	0.277231	0.222847
NA18986	0.222495	0.277449	0.277219	0.222837
NA18987	0.222498	0.277453	0.277216	0.222833
NA18988	0.222499	0.277450	0.277215	0.222836
NA18989	0.222494	0.277447	0.277215	0.222844
NA18990	0.222499	0.277431	0.277212	0.222857
NA18991	0.222502	0.277438	0.277229	0.222831
NA18992	0.222484	0.277461	0.277221	0.222834
NA18993	0.222484	0.277437	0.277222	0.222856
NA18994	0.222492	0.277451	0.277219	0.222838
NA18995	0.222481	0.277438	0.277237	0.222844
NA18997	0.222504	0.277442	0.277215	0.222839
NA18998	0.222484	0.277450	0.277223	0.222842
NA18999	0.222494	0.277456	0.277209	0.222841
NA19000	0.222488	0.277449	0.277216	0.222847
NA19001	0.222480	0.277443	0.277223	0.222853
NA19002	0.222488	0.277444	0.277224	0.222845
NA19003	0.222490	0.277445	0.277217	0.222849
NA19004	0.222484	0.277459	0.277223	0.222834
NA19005	0.222488	0.277451	0.277226	0.222835
NA19006	0.222491	0.277439	0.277237	0.222833
NA19007	0.222503	0.277438	0.277224	0.222836
NA19009	0.222494	0.277444	0.277219	0.222843
NA19010	0.222497	0.277444	0.277211	0.222848
NA19011	0.222490	0.277461	0.277223	0.222825
NA19012	0.222481	0.277433	0.277241	0.222845
NA19017	0.222462	0.277461	0.277254	0.222823
NA19019	0.222467	0.277461	0.277268	0.222803
NA19020	0.222455	0.277476	0.277259	0.222810
NA19023	0.222450	0.277473	0.277264	0.222813
NA19024	0.222443	0.277483	0.277281	0.222792
NA19025	0.222455	0.277489	0.277274	0.222782
NA19026	0.222475	0.277491	0.277240	0.222795
NA19027	0.222468	0.277467	0.277259	0.222806
NA19028	0.222438	0.277493	0.277285	0.222784
NA19030	0.222460	0.277462	0.277256	0.222822
NA19031	0.222454	0.277474	0.277281	0.222791
NA19035	0.222470	0.277478	0.277245	0.222807
NA19036	0.222456	0.277494	0.277263	0.222786
NA19037	0.222441	0.277502	0.277270	0.222788
NA19038	0.222453	0.277472	0.277262	0.222813
NA19041	0.222445	0.277483	0.277261	0.222811
NA19042	0.222457	0.277479	0.277268	0.222795
NA19043	0.222470	0.277482	0.277252	0.222796
NA19054	0.222474	0.277441	0.277230	0.222855
NA19055	0.222493	0.277474	0.277223	0.222811
NA19056	0.222483	0.277437	0.277235	0.222845
NA19057	0.222499	0.277443	0.277215	0.222844
NA19058	0.222480	0.277468	0.277219	0.222833
NA19059	0.222498	0.277454	0.277216	0.222832
NA19060	0.222489	0.277442	0.277226	0.222843
NA19062	0.222496	0.277437	0.277216	0.222851
NA19063	0.222480	0.277443	0.277232	0.222846
NA19064	0.222486	0.277448	0.277224	0.222842
NA19065	0.222482	0.277431	0.277220	0.222867
NA19066	0.222494	0.277446	0.277218	0.222842
NA19067	0.222485	0.277452	0.277227	0.222836
NA19068	0.222490	0.277454	0.277227	0.222829
NA19070	0.222485	0.277447	0.277235	0.222834
NA19072	0.222494	0.277452	0.277222	0.222832
NA19074	0.222482	0.277448	0.277233	0.222836
NA19075	0.222504	0.277441	0.277220	0.222835
NA19076	0.222497	0.277435	0.277218	0.222850
NA19077	0.222481	0.277449	0.277231	0.222838
NA19078	0.222478	0.277455	0.277240	0.222826
NA19079	0.222500	0.277436	0.277216	0.222848
NA19080	0.222484	0.277464	0.277223	0.222829
NA19081	0.222508	0.277439	0.277206	0.222847
NA19082	0.222476	0.277442	0.277234	0.222848
NA19083	0.222491	0.277455	0.277225	0.222829
NA19084	0.222494	0.277446	0.277222	0.222839
NA19085	0.222488	0.277447	0.277219	0.222846
NA19086	0.222479	0.277435	0.277233	0.222852
NA19087	0.222486	0.277448	0.277231	0.222835
NA19088	0.222493	0.277450	0.277223	0.222834
NA19089	0.222495	0.277449	0.277221	0.222835
NA19090	0.222500	0.277430	0.277230	0.222840
NA19091	0.222483	0.277431	0.277231	0.222854
NA19092	0.222472	0.277454	0.277262	0.222812
NA19093	0.222466	0.277464	0.277263	0.222807
NA19095	0.222464	0.277473	0.277259	0.222803
NA19096	0.222451	0.277462	0.277277	0.222811
NA19098	0.222469	0.277474	0.277238	0.222819
NA19099	0.222459	0.277481	0.277266	0.222793
NA19102	0.222447	0.277481	0.277274	0.222799
NA19107	0.222445	0.277471	0.277265	0.222819
NA19108	0.222464	0.277470	0.277255	0.222811
NA19113	0.222472	0.277487	0.277241	0.222801
NA19114	0.222465	0.277470	0.277262	0.222803
NA19116	0.222457	0.277476	0.277256	0.222811
NA19117	0.222469	0.277466	0.277256	0.222809
NA19118	0.222467	0.277467	0.277257	0.222809
NA19119	0.222454	0.277461	0.277280	0.222805
NA19121	0.222443	0.277471	0.277277	0.222809
NA19129	0.222464	0.277468	0.277255	0.222812
NA19130	0.222469	0.277467	0.277254	0.222810
NA19131	0.222454	0.277467	0.277262	0.222817
NA19137	0.222441	0.277460	0.277286	0.222814
NA19138	0.222444	0.277482	0.277286	0.222788
NA19141	0.222458	0.277487	0.277264	0.222791
NA19143	0.222459	0.277488	0.277262	0.222792
NA19144	0.222443	0.277470	0.277271	0.222816
NA19146	0.222446	0.277489	0.277263	0.222802
NA19147	0.222442	0.277469	0.277271	0.222818
NA19149	0.222450	0.277462	0.277267	0.222821
NA19152	0.222448	0.277479	0.277281	0.222792
NA19153	0.222465	0.277479	0.277260	0.222796
NA19159	0.222458	0.277489	0.277258	0.222796
NA19160	0.222428	0.277480	0.277278	0.222815
NA19171	0.222464	0.277468	0.277252	0.222816
NA19172	0.222441	0.277498	0.277274	0.222787
NA19175	0.222453	0.277490	0.277274	0.222784
NA19184	0.222469	0.277477	0.277256	0.222798
NA19185	0.222457	0.277467	0.277270	0.222807
NA19189	0.222463	0.277487	0.277263	0.222787
NA19190	0.222462	0.277469	0.277258	0.222811
NA19197	0.222471	0.277452	0.277257	0.222820
NA19198	0.222459	0.277481	0.277255	0.222804
NA19200	0.222447	0.277477	0.277281	0.222796
NA19201	0.222455	0.277461	0.277275	0.222809
NA19204	0.222443	0.277490	0.277264	0.222803
NA19206	0.222454	0.277476	0.277262	0.222809
NA19207	0.222463	0.277475	0.277252	0.222810
NA19209	0.222435	0.277488	0.277282	0.222794
NA19210	0.222468	0.277480	0.277255	0.222797
NA19213	0.222464	0.277469	0.277257	0.222809
NA19214	0.222463	0.277473	0.277257	0.222806
NA19222	0.222441	0.277467	0.277275	0.222816
NA19223	0.222454	0.277494	0.277256	0.222796
NA19225	0.222462	0.277471	0.277255	0.222813
NA19235	0.222439	0.277496	0.277259	0.222806
NA19236	0.222444	0.277472	0.277269	0.222815
NA19238	0.222455	0.277474	0.277265	0.222806
NA19239	0.222452	0.277486	0.277259	0.222803
NA19247	0.222460	0.277471	0.277261	0.222808
NA19248	0.222464	0.277487	0.277261	0.222788
NA19256	0.222463	0.277470	0.277265	0.222802
NA19257	0.222447	0.277468	0.277273	0.222812
NA19307	0.222469	0.277470	0.277249	0.222812
NA19308	0.222463	0.277464	0.277258	0.222814
NA19309	0.222463	0.277471	0.277251	0.222815
NA19310	0.222453	0.277480	0.277256	0.222812
NA19312	0.222458	0.277469	0.277262	0.222810
NA19314	0.222470	0.277458	0.277254	0.222817
NA19315	0.222460	0.277482	0.277256	0.222802
NA19316	0.222440	0.277488	0.277277	0.222795
NA19317	0.222457	0.277474	0.277261	0.222808
NA19318	0.222441	0.277490	0.277268	0.222801
NA19319	0.222459	0.277458	0.277267	0.222817
NA19320	0.222466	0.277482	0.277265	0.222787
NA19321	0.222439	0.277485	0.277276	0.222800
NA19323	0.222471	0.277470	0.277258	0.222800
NA19324	0.222468	0.277473	0.277256	0.222804
NA19327	0.222466	0.277492	0.277253	0.222790
NA19328	0.222456	0.277471	0.277261	0.222811
NA19331	0.222460	0.277476	0.277261	0.222803
NA19332	0.222446	0.277474	0.277280	0.222800
NA19334	0.222475	0.277461	0.277249	0.222815
NA19338	0.222470	0.277477	0.277258	0.222795
NA19346	0.222460	0.277476	0.277267	0.222798
NA19347	0.222457	0.277488	0.277261	0.222795
NA19350	0.222472	0.277486	0.277249	0.222792
NA19351	0.222468	0.277473	0.277261	0.222798
NA19355	0.222444	0.277494	0.277270	0.222792
NA19360	0.222454	0.277474	0.277274	0.222798
NA19372	0.222456	0.277501	0.277267	0.222777
NA19374	0.222454	0.277478	0.277274	0.222794
NA19375	0.222476	0.277459	0.277265	0.222800
NA19376	0.222460	0.277477	0.277254	0.222809
NA19377	0.222450	0.277471	0.277267	0.222813
NA19378	0.222472	0.277466	0.277244	0.222818
NA19379	0.222451	0.277481	0.277272	0.222796
NA19380	0.222451	0.277468	0.277260	0.222820
NA19383	0.222449	0.277494	0.277271	0.222785
NA19384	0.222449	0.277488	0.277264	0.222798
NA19385	0.222475	0.277470	0.277245	0.222811
NA19390	0.222466	0.277470	0.277262	0.222802
NA19391	0.222479	0.277457	0.277256	0.222809
NA19393	0.222476	0.277467	0.277245	0.222812
NA19394	0.222469	0.277478	0.277254	0.222799
NA19395	0.222454	0.277483	0.277257	0.222806
NA19397	0.222475	0.277483	0.277253	0.222789
NA19399	0.222459	0.277481	0.277268	0.222792
NA19401	0.222456	0.277472	0.277257	0.222814
NA19403	0.222470	0.277476	0.277247	0.222806
NA19404	0.222442	0.277469	0.277271	0.222817
NA19428	0.222460	0.277481	0.277256	0.222803
NA19429	0.222434	0.277478	0.277273	0.222815
NA19430	0.222452	0.277475	0.277259	0.222814
NA19431	0.222459	0.277471	0.277252	0.222818
NA19434	0.222460	0.277456	0.277260	0.222823
NA19435	0.222468	0.277489	0.277249	0.222794
NA19436	0.222452	0.277477	0.277269	0.222801
NA19437	0.222450	0.277468	0.277278	0.222803
NA19438	0.222463	0.277467	0.277270	0.222800
NA19439	0.222468	0.277461	0.277260	0.222810
NA19440	0.222461	0.277466	0.277258	0.222815
NA19443	0.222453	0.277489	0.277265	0.222793
NA19445	0.222469	0.277468	0.277266	0.222797
NA19446	0.222445	0.277477	0.277261	0.222817
NA19448	0.222460	0.277500	0.277251	0.222789
NA19449	0.222461	0.277457	0.277255	0.222827
NA19451	0.222471	0.277465	0.277257	0.222807
NA19452	0.222447	0.277473	0.277269	0.222811
NA19454	0.222456	0.277457	0.277254	0.222833
NA19455	0.222433	0.277496	0.277268	0.222804
NA19456	0.222462	0.277484	0.277262	0.222792
NA19457	0.222457	0.277478	0.277265	0.222799
NA19461	0.222455	0.277482	0.277253	0.222810
NA19462	0.222447	0.277470	0.277273	0.222810
NA19463	0.222450	0.277466	0.277261	0.222823
NA19466	0.222442	0.277491	0.277274	0.222794
NA19467	0.222456	0.277480	0.277260	0.222804
NA19468	0.222468	0.277487	0.277249	0.222797
NA19471	0.222440	0.277481	0.277268	0.222810
NA19472	0.222446	0.277476	0.277264	0.222813
NA19473	0.222451	0.277491	0.277262	0.222797
NA19474	0.222457	0.277475	0.277259	0.222809
NA19475	0.222480	0.277465	0.277246	0.222809
NA19648	0.222509	0.277445	0.277203	0.222843
NA19649	0.222501	0.277445	0.277194	0.222860
NA19651	0.222486	0.277445	0.277231	0.222838
NA19652	0.222507	0.277436	0.277207	0.222851
NA19654	0.222509	0.277448	0.277201	0.222842
NA19655	0.222511	0.277436	0.277201	0.222852
NA19657	0.222490	0.277450	0.277208	0.222853
NA19658	0.222493	0.277438	0.277215	0.222854
NA19661	0.222500	0.277436	0.277210	0.222854
NA19663	0.222497	0.277441	0.277210	0.222852
NA19664	0.222501	0.277441	0.277217	0.222842
NA19669	0.222493	0.277443	0.277205	0.222859
NA19670	0.222519	0.277440	0.277198	0.222843
NA19676	0.222507	0.277444	0.277201	0.222849
NA19678	0.222517	0.277447	0.277194	0.222843
NA19679	0.222510	0.277431	0.277209	0.222851
NA19681	0.222504	0.277451	0.277208	0.222837
NA19682	0.222505	0.277439	0.277204	0.222851
NA19684	0.222499	0.277443	0.277210	0.222847
NA19716	0.222511	0.277442	0.277193	0.222854
NA19717	0.222517	0.277430	0.277207	0.222846
NA19719	0.222505	0.277449	0.277208	0.222839
NA19720	0.222500	0.277447	0.277207	0.222846
NA19722	0.222510	0.277430	0.277210	0.222850
NA19723	0.222512	0.277452	0.277203	0.222832
NA19725	0.222523	0.277450	0.277190	0.222837
NA19726	0.222530	0.277422	0.277182	0.222866
NA19728	0.222513	0.277448	0.277199	0.222840
NA19729	0.222496	0.277446	0.277208	0.222849
NA19731	0.222485	0.277437	0.277227	0.222851
NA19732	0.222495	0.277437	0.277216	0.222852
NA19734	0.222500	0.277436	0.277214	0.222851
NA19735	0.222495	0.277439	0.277218	0.222848
NA19740	0.222496	0.277433	0.277216	0.222855
NA19741	0.222494	0.277439	0.277209	0.222858
NA19746	0.222521	0.277430	0.277204	0.222845
NA19747	0.222486	0.277454	0.277218	0.222843
NA19749	0.222500	0.277469	0.277195	0.222835
NA19750	0.222499	0.277456	0.277209	0.222837
NA19752	0.222498	0.277428	0.277222	0.222852
NA19755	0.222487	0.277449	0.277213	0.222851
NA19756	0.222495	0.277446	0.277210	0.222849
NA19758	0.222506	0.277437	0.277205	0.222851
NA19759	0.222497	0.277432	0.277210	0.222860
NA19761	0.222491	0.277427	0.277217	0.222865
NA19762	0.222492	0.277447	0.277215	0.222845
NA19764	0.222489	0.277459	0.277215	0.222837
NA19770	0.222505	0.277440	0.277206	0.222848
NA19771	0.222504	0.277436	0.277204	0.222856
NA19773	0.222510	0.277428	0.277210	0.222852
NA19774	0.222502	0.277443	0.277203	0.222852
NA19776	0.222498	0.277456	0.277215	0.222831
NA19777	0.222491	0.277436	0.277228	0.222845
NA19779	0.222499	0.277441	0.277210	0.222850
NA19780	0.222501	0.277438	0.277217	0.222843
NA19782	0.222498	0.277442	0.277217	0.222842
NA19783	0.222501	0.277431	0.277205	0.222864
NA19785	0.222511	0.277443	0.277197	0.222849
NA19786	0.222511	0.277432	0.277188	0.222868
NA19788	0.222494	0.277445	0.277205	0.222856
NA19789	0.222513	0.277423	0.277198	0.222866
NA19792	0.222501	0.277432	0.277206	0.222861
NA19794	0.222503	0.277460	0.277209	0.222828
NA19795	0.222487	0.277447	0.277211	0.222854
NA20502	0.222513	0.277450	0.277202	0.222835
NA20503	0.222505	0.277440	0.277196	0.222859
NA20504	0.222515	0.277432	0.277193	0.222860
NA20505	0.222521	0.277452	0.277192	0.222834
NA20506	0.222521	0.277452	0.277194	0.222834
NA20507	0.222504	0.277447	0.277207	0.222842
NA20508	0.222509	0.277445	0.277203	0.222844
NA20509	0.222510	0.277447	0.277197	0.222847
NA20510	0.222499	0.277434	0.277212	0.222856
NA20511	0.222516	0.277441	0.277197	0.222845
NA20512	0.222492	0.277459	0.277217	0.222833
NA20513	0.222525	0.277441	0.277194	0.222839
NA20514	0.222493	0.277437	0.277215	0.222855
NA20515	0.222508	0.277459	0.277209	0.222823
NA20516	0.222500	0.277429	0.277213	0.222858
NA20517	0.222496	0.277432	0.277222	0.222850
NA20518	0.222498	0.277441	0.277206	0.222854
NA20519	0.222515	0.277437	0.277197	0.222850
NA20520	0.222505	0.277460	0.277191	0.222844
NA20521	0.222500	0.277439	0.277211	0.222850
NA20522	0.222520	0.277438	0.277195	0.222846
NA20524	0.222508	0.277454	0.277202	0.222836
NA20525	0.222478	0.277445	0.277220	0.222857
NA20527	0.222498	0.277437	0.277212	0.222853
NA20528	0.222507	0.277452	0.277202	0.222839
NA20529	0.222496	0.277439	0.277213	0.222852
NA20530	0.222498	0.277461	0.277203	0.222837
NA20531	0.222487	0.277442	0.277214	0.222858
NA20532	0.222504	0.277457	0.277192	0.222847
NA20533	0.222508	0.277459	0.277206	0.222826
NA20534	0.222501	0.277434	0.277217	0.222848
NA20535	0.222509	0.277440	0.277205	0.222846
NA20536	0.222496	0.277457	0.277209	0.222837
NA20538	0.222496	0.277459	0.277212	0.222833
NA20539	0.222508	0.277463	0.277196	0.222833
NA20540	0.222496	0.277462	0.277201	0.222841
NA20541	0.222515	0.277449	0.277195	0.222841
NA20542	0.222488	0.277446	0.277209	0.222857
NA20543	0.222511	0.277442	0.277197	0.222850
NA20544	0.222501	0.277442	0.277225	0.222833
NA20581	0.222506	0.277450	0.277207	0.222837
NA20582	0.222510	0.277454	0.277189	0.222848
NA20585	0.222500	0.277453	0.277201	0.222846
NA20586	0.222500	0.277440	0.277202	0.222858
NA20587	0.222525	0.277448	0.277180	0.222847
NA20588	0.222495	0.277450	0.277211	0.222844
NA20589	0.222505	0.277437	0.277205	0.222853
NA20752	0.222495	0.277444	0.277215	0.222846
NA20753	0.222503	0.277452	0.277204	0.222841
NA20754	0.222507	0.277455	0.277201	0.222836
NA20755	0.222502	0.277449	0.277211	0.222838
NA20756	0.222509	0.277441	0.277200	0.222849
NA20757	0.222499	0.277457	0.277210	0.222834
NA20758	0.222508	0.277459	0.277206	0.222828
NA20759	0.222493	0.277441	0.277220	0.222846
NA20760	0.222495	0.277443	0.277212	0.222850
NA20761	0.222507	0.277448	0.277212	0.222833
NA20762	0.222508	0.277440	0.277203	0.222848
NA20763	0.222502	0.277429	0.277205	0.222864
NA20764	0.222499	0.277441	0.277198	0.222862
NA20765	0.222510	0.277450	0.277204	0.222835
NA20766	0.222502	0.277457	0.277203	0.222838
NA20767	0.222493	0.277446	0.277216	0.222845
NA20768	0.222517	0.277444	0.277204	0.222834
NA20769	0.222503	0.277447	0.277212	0.222837
NA20770	0.222497	0.277448	0.277211	0.222844
NA20771	0.222501	0.277457	0.277201	0.222841
NA20772	0.222512	0.277442	0.277204	0.222842
NA20773	0.222502	0.277451	0.277196	0.222851
NA20774	0.222509	0.277443	0.277200	0.222848
NA20775	0.222501	0.277431	0.277209	0.222859
NA20778	0.222519	0.277445	0.277195	0.222842
NA20783	0.222505	0.277446	0.277206	0.222843
NA20785	0.222503	0.277447	0.277199	0.222851
NA20786	0.222503	0.277428	0.277215	0.222855
NA20787	0.222501	0.277442	0.277200	0.222857
NA20790	0.222507	0.277445	0.277204	0.222843
NA20792	0.222497	0.277442	0.277214	0.222847
NA20795	0.222515	0.277451	0.277199	0.222835
NA20796	0.222493	0.277451	0.277218	0.222838
NA20797	0.222506	0.277451	0.277203	0.222840
NA20798	0.222518	0.277449	0.277181	0.222852
NA20799	0.222501	0.277437	0.277210	0.222852
NA20800	0.222498	0.277433	0.277207	0.222863
NA20801	0.222515	0.277447	0.277204	0.222834
NA20802	0.222514	0.277468	0.277180	0.222838
NA20803	0.222491	0.277450	0.277219	0.222840
NA20804	0.222504	0.277455	0.277202	0.222838
NA20805	0.222506	0.277457	0.277197	0.222839
NA20806	0.222502	0.277438	0.277194	0.222866
NA20807	0.222496	0.277441	0.277208	0.222855
NA20808	0.222509	0.277458	0.277204	0.222828
NA20809	0.222507	0.277432	0.277208	0.222853
NA20810	0.222497	0.277443	0.277208	0.222852
NA20811	0.222498	0.277454	0.277210	0.222837
NA20812	0.222503	0.277440	0.277198	0.222860
NA20813	0.222502	0.277429	0.277216	0.222854
NA20814	0.222520	0.277433	0.277187	0.222860
NA20815	0.222522	0.277428	0.277205	0.222844
NA20818	0.222505	0.277442	0.277208	0.222846
NA20819	0.222524	0.277442	0.277195	0.222839
NA20821	0.222493	0.277445	0.277209	0.222854
NA20822	0.222499	0.277438	0.277208	0.222854
NA20826	0.222509	0.277442	0.277210	0.222840
NA20827	0.222513	0.277452	0.277202	0.222833
NA20828	0.222512	0.277458	0.277191	0.222839
NA20832	0.222512	0.277451	0.277201	0.222837
NA20845	0.222491	0.277455	0.277207	0.222848
NA20846	0.222492	0.277450	0.277220	0.222838
NA20847	0.222494	0.277453	0.277222	0.222831
NA20849	0.222502	0.277445	0.277203	0.222851
NA20850	0.222499	0.277433	0.277214	0.222854
NA20851	0.222501	0.277434	0.277216	0.222848
NA20852	0.222526	0.277452	0.277189	0.222832
NA20853	0.222499	0.277468	0.277196	0.222837
NA20854	0.222478	0.277461	0.277227	0.222835
NA20856	0.222486	0.277450	0.277222	0.222842
NA20858	0.222487	0.277441	0.277214	0.222858
NA20859	0.222475	0.277459	0.277222	0.222843
NA20861	0.222509	0.277447	0.277206	0.222838
NA20862	0.222506	0.277443	0.277210	0.222841
NA20863	0.222504	0.277429	0.277201	0.222866
NA20864	0.222508	0.277443	0.277205	0.222844
NA20866	0.222498	0.277455	0.277219	0.222828
NA20867	0.222492	0.277439	0.277221	0.222847
NA20868	0.222519	0.277441	0.277206	0.222834
NA20869	0.222484	0.277462	0.277231	0.222823
NA20870	0.222499	0.277440	0.277215	0.222847
NA20872	0.222502	0.277451	0.277203	0.222844
NA20874	0.222490	0.277466	0.277221	0.222824
NA20875	0.222492	0.277450	0.277219	0.222838
NA20876	0.222487	0.277451	0.277219	0.222843
NA20877	0.222504	0.277457	0.277210	0.222830
NA20878	0.222492	0.277443	0.277211	0.222855
NA20881	0.222495	0.277458	0.277216	0.222831
NA20882	0.222494	0.277443	0.277207	0.222855
NA20884	0.222494	0.277460	0.277209	0.222837
NA20885	0.222493	0.277434	0.277212	0.222861
NA20886	0.222483	0.277461	0.277221	0.222835
NA20887	0.222508	0.277447	0.277196	0.222849
NA20888	0.222493	0.277444	0.277221	0.222842
NA20889	0.222489	0.277452	0.277209	0.222851
NA20890	0.222503	0.277455	0.277198	0.222844
NA20891	0.222485	0.277442	0.277228	0.222845
NA20892	0.222499	0.277445	0.277219	0.222837
NA20894	0.222503	0.277461	0.277207	0.222829
NA20895	0.222494	0.277460	0.277206	0.222840
NA20896	0.222495	0.277449	0.277222	0.222834
NA20897	0.222500	0.277443	0.277207	0.222850
NA20899	0.222501	0.277454	0.277208	0.222837
NA20900	0.222502	0.277442	0.277210	0.222846
NA20901	0.222502	0.277446	0.277203	0.222849
NA20902	0.222505	0.277465	0.277212	0.222817
NA20903	0.222501	0.277447	0.277211	0.222841
NA20904	0.222518	0.277443	0.277188	0.222851
NA20905	0.222498	0.277459	0.277199	0.222843
NA20906	0.222482	0.277454	0.277226	0.222838
NA20908	0.222505	0.277473	0.277202	0.222820
NA20910	0.222492	0.277465	0.277215	0.222828
NA20911	0.222501	0.277444	0.277204	0.222852
NA21086	0.222504	0.277452	0.277214	0.222830
NA21087	0.222501	0.277437	0.277214	0.222847
NA21088	0.222492	0.277445	0.277222	0.222840
NA21089	0.222499	0.277451	0.277207	0.222843
NA21090	0.222510	0.277430	0.277204	0.222855
NA21091	0.222500	0.277435	0.277212	0.222854
NA21092	0.222500	0.277450	0.277210	0.222841
NA21093	0.222484	0.277456	0.277219	0.222841
NA21094	0.222503	0.277455	0.277217	0.222826
NA21095	0.222508	0.277449	0.277197	0.222846
NA21097	0.222498	0.277447	0.277210	0.222845
NA21098	0.222502	0.277450	0.277215	0.222832
NA21099	0.222488	0.277463	0.277217	0.222832
NA21100	0.222487	0.277439	0.277229	0.222845
NA21101	0.222523	0.277445	0.277196	0.222836
NA21102	0.222471	0.277469	0.277225	0.222835
NA21103	0.222492	0.277437	0.277219	0.222851
NA21104	0.222505	0.277441	0.277208	0.222847
NA21105	0.222507	0.277441	0.277208	0.222844
NA21106	0.222479	0.277459	0.277230	0.222833
NA21107	0.222492	0.277453	0.277215	0.222840
NA21108	0.222502	0.277454	0.277199	0.222846
NA21109	0.222502	0.277460	0.277209	0.222830
NA21110	0.222502	0.277456	0.277206	0.222836
NA21111	0.222495	0.277458	0.277206	0.222841
NA21112	0.222488	0.277458	0.277225	0.222829
NA21113	0.222489	0.277451	0.277226	0.222834
NA21114	0.222508	0.277457	0.277203	0.222831
NA21115	0.222499	0.277459	0.277209	0.222833
NA21116	0.222489	0.277441	0.277211	0.222860
NA21117	0.222505	0.277449	0.277198	0.222849
NA21118	0.222484	0.277449	0.277218	0.222849
NA21119	0.222495	0.277449	0.277213	0.222843
NA21120	0.222500	0.277452	0.277198	0.222850
NA21122	0.222500	0.277456	0.277195	0.222849
NA21123	0.222497	0.277452	0.277209	0.222842
NA21124	0.222491	0.277450	0.277221	0.222837
NA21125	0.222512	0.277453	0.277201	0.222834
NA21126	0.222499	0.277454	0.277210	0.222838
NA21127	0.222513	0.277460	0.277205	0.222821
NA21128	0.222489	0.277470	0.277211	0.222830
NA21129	0.222491	0.277462	0.277209	0.222837
NA21130	0.222508	0.277457	0.277203	0.222833
NA21133	0.222486	0.277462	0.277207	0.222845
NA21135	0.222508	0.277448	0.277204	0.222841
NA21137	0.222501	0.277447	0.277212	0.222840
NA21141	0.222506	0.277461	0.277193	0.222840
NA21142	0.222510	0.277429	0.277207	0.222855
NA21143	0.222508	0.277460	0.277199	0.222834
NA21144	0.222508	0.277446	0.277210	0.222836
