SAMPLE	A	C	G	T
HG00096	0.221437	0.278574	0.278330	0.221658
HG00097	0.221432	0.278580	0.278335	0.221653
HG00099	0.221439	0.278571	0.278328	0.221663
HG00100	0.221434	0.278579	0.278337	0.221650
HG00101	0.221436	0.278578	0.278331	0.221655
HG00102	0.221432	0.278575	0.278335	0.221657
HG00103	0.221436	0.278579	0.278329	0.221656
HG00105	0.221431	0.278576	0.278337	0.221657
HG00106	0.221435	0.278575	0.278333	0.221658
HG00107	0.221431	0.278575	0.278338	0.221656
HG00108	0.221429	0.278578	0.278338	0.221655
HG00109	0.221433	0.278577	0.278332	0.221657
HG00110	0.221434	0.278579	0.278335	0.221652
HG00111	0.221435	0.278579	0.278329	0.221657
HG00112	0.221438	0.278570	0.278333	0.221659
HG00113	0.221436	0.278576	0.278331	0.221657
HG00114	0.221437	0.278578	0.278334	0.221651
HG00115	0.221441	0.278571	0.278329	0.221658
HG00116	0.221440	0.278569	0.278327	0.221664
HG00117	0.221435	0.278574	0.278335	0.221656
HG00118	0.221434	0.278572	0.278330	0.221664
HG00119	0.221442	0.278575	0.278327	0.221656
HG00120	0.221434	0.278571	0.278331	0.221663
HG00121	0.221441	0.278576	0.278324	0.221660
HG00122	0.221431	0.278581	0.278333	0.221655
HG00123	0.221435	0.278570	0.278335	0.221661
HG00125	0.221439	0.278572	0.278330	0.221659
HG00126	0.221440	0.278569	0.278329	0.221661
HG00127	0.221441	0.278571	0.278332	0.221655
HG00128	0.221442	0.278569	0.278324	0.221664
HG00129	0.221438	0.278570	0.278331	0.221661
HG00130	0.221441	0.278571	0.278329	0.221660
HG00131	0.221435	0.278576	0.278335	0.221654
HG00132	0.221437	0.278571	0.278330	0.221661
HG00133	0.221437	0.278573	0.278333	0.221657
HG00136	0.221435	0.278572	0.278332	0.221660
HG00137	0.221437	0.278573	0.278329	0.221661
HG00138	0.221442	0.278573	0.278325	0.221661
HG00139	0.221437	0.278567	0.278331	0.221665
HG00140	0.221437	0.278575	0.278329	0.221660
HG00141	0.221439	0.278573	0.278332	0.221656
HG00142	0.221440	0.278571	0.278330	0.221658
HG00143	0.221433	0.278571	0.278337	0.221660
HG00145	0.221439	0.278574	0.278330	0.221657
HG00146	0.221433	0.278569	0.278334	0.221664
HG00148	0.221439	0.278568	0.278330	0.221663
HG00149	0.221434	0.278578	0.278336	0.221652
HG00150	0.221438	0.278572	0.278331	0.221658
HG00151	0.221442	0.278569	0.278327	0.221663
HG00154	0.221435	0.278573	0.278333	0.221659
HG00155	0.221441	0.278572	0.278329	0.221658
HG00157	0.221435	0.278574	0.278332	0.221659
HG00158	0.221438	0.278574	0.278329	0.221659
HG00159	0.221440	0.278569	0.278331	0.221660
HG00160	0.221436	0.278574	0.278333	0.221657
HG00171	0.221428	0.278582	0.278337	0.221653
HG00173	0.221431	0.278579	0.278336	0.221653
HG00174	0.221437	0.278578	0.278327	0.221657
HG00176	0.221431	0.278578	0.278336	0.221655
HG00177	0.221429	0.278581	0.278341	0.221649
HG00178	0.221434	0.278579	0.278336	0.221651
HG00179	0.221436	0.278572	0.278333	0.221658
HG00180	0.221432	0.278580	0.278336	0.221652
HG00181	0.221431	0.278572	0.278337	0.221659
HG00182	0.221431	0.278581	0.278337	0.221652
HG00183	0.221434	0.278578	0.278335	0.221653
HG00185	0.221436	0.278580	0.278331	0.221653
HG00186	0.221430	0.278584	0.278332	0.221654
HG00187	0.221429	0.278574	0.278338	0.221659
HG00188	0.221432	0.278576	0.278335	0.221657
HG00189	0.221430	0.278583	0.278338	0.221649
HG00190	0.221429	0.278575	0.278336	0.221660
HG00231	0.221443	0.278569	0.278329	0.221659
HG00232	0.221435	0.278569	0.278333	0.221663
HG00233	0.221432	0.278572	0.278335	0.221660
HG00234	0.221436	0.278581	0.278331	0.221652
HG00235	0.221438	0.278575	0.278328	0.221659
HG00236	0.221439	0.278577	0.278328	0.221656
HG00237	0.221436	0.278568	0.278334	0.221662
HG00238	0.221433	0.278576	0.278335	0.221656
HG00239	0.221435	0.278577	0.278327	0.221661
HG00240	0.221437	0.278573	0.278332	0.221658
HG00242	0.221435	0.278574	0.278331	0.221660
HG00243	0.221435	0.278572	0.278334	0.221659
HG00244	0.221441	0.278576	0.278331	0.221652
HG00245	0.221435	0.278574	0.278336	0.221654
HG00246	0.221438	0.278575	0.278331	0.221656
HG00250	0.221434	0.278573	0.278338	0.221655
HG00251	0.221434	0.278573	0.278332	0.221661
HG00252	0.221438	0.278578	0.278333	0.221652
HG00253	0.221440	0.278572	0.278331	0.221658
HG00254	0.221434	0.278569	0.278335	0.221661
HG00255	0.221439	0.278576	0.278329	0.221656
HG00256	0.221440	0.278572	0.278328	0.221660
HG00257	0.221435	0.278574	0.278334	0.221656
HG00258	0.221433	0.278576	0.278335	0.221656
HG00259	0.221436	0.278573	0.278332	0.221660
HG00260	0.221435	0.278570	0.278331	0.221663
HG00261	0.221434	0.278569	0.278335	0.221662
HG00262	0.221440	0.278573	0.278327	0.221660
HG00263	0.221438	0.278576	0.278328	0.221658
HG00264	0.221435	0.278573	0.278332	0.221660
HG00265	0.221436	0.278576	0.278332	0.221656
HG00266	0.221430	0.278578	0.278333	0.221659
HG00267	0.221434	0.278573	0.278335	0.221658
HG00268	0.221438	0.278577	0.278334	0.221652
HG00269	0.221432	0.278580	0.278335	0.221652
HG00271	0.221434	0.278581	0.278334	0.221651
HG00272	0.221432	0.278581	0.278339	0.221649
HG00273	0.221434	0.278577	0.278334	0.221656
HG00274	0.221433	0.278581	0.278337	0.221650
HG00275	0.221428	0.278580	0.278339	0.221653
HG00276	0.221437	0.278578	0.278334	0.221651
HG00277	0.221431	0.278579	0.278331	0.221658
HG00278	0.221429	0.278579	0.278337	0.221655
HG00280	0.221426	0.278577	0.278341	0.221656
HG00281	0.221433	0.278577	0.278336	0.221655
HG00282	0.221431	0.278579	0.278339	0.221651
HG00284	0.221432	0.278578	0.278337	0.221653
HG00285	0.221429	0.278577	0.278342	0.221653
HG00288	0.221430	0.278582	0.278339	0.221649
HG00290	0.221428	0.278578	0.278342	0.221651
HG00304	0.221433	0.278580	0.278333	0.221655
HG00306	0.221430	0.278576	0.278335	0.221658
HG00308	0.221430	0.278581	0.278336	0.221652
HG00309	0.221432	0.278573	0.278337	0.221658
HG00310	0.221438	0.278573	0.278326	0.221662
HG00311	0.221438	0.278576	0.278334	0.221652
HG00313	0.221426	0.278579	0.278342	0.221653
HG00315	0.221435	0.278578	0.278332	0.221656
HG00318	0.221432	0.278573	0.278336	0.221659
HG00319	0.221435	0.278577	0.278333	0.221655
HG00320	0.221430	0.278571	0.278339	0.221660
HG00321	0.221431	0.278575	0.278339	0.221656
HG00323	0.221434	0.278580	0.278337	0.221650
HG00324	0.221434	0.278571	0.278338	0.221658
HG00325	0.221432	0.278576	0.278336	0.221656
HG00326	0.221432	0.278573	0.278336	0.221659
HG00327	0.221432	0.278575	0.278337	0.221656
HG00328	0.221428	0.278579	0.278338	0.221655
HG00329	0.221433	0.278573	0.278335	0.221659
HG00330	0.221434	0.278577	0.278333	0.221657
HG00331	0.221429	0.278577	0.278342	0.221652
HG00332	0.221434	0.278571	0.278341	0.221654
HG00334	0.221438	0.278570	0.278334	0.221658
HG00335	0.221434	0.278577	0.278335	0.221654
HG00336	0.221435	0.278574	0.278335	0.221655
HG00337	0.221432	0.278577	0.278336	0.221655
HG00338	0.221432	0.278577	0.278336	0.221656
HG00339	0.221435	0.278578	0.278334	0.221653
HG00341	0.221432	0.278577	0.278334	0.221657
HG00342	0.221430	0.278575	0.278338	0.221656
HG00343	0.221435	0.278577	0.278333	0.221655
HG00344	0.221429	0.278577	0.278342	0.221652
HG00345	0.221432	0.278581	0.278334	0.221653
HG00346	0.221436	0.278574	0.278334	0.221656
HG00349	0.221430	0.278580	0.278339	0.221651
HG00350	0.221430	0.278570	0.278339	0.221660
HG00351	0.221433	0.278574	0.278335	0.221658
HG00353	0.221432	0.278576	0.278338	0.221655
HG00355	0.221431	0.278574	0.278337	0.221658
HG00356	0.221436	0.278578	0.278332	0.221654
HG00357	0.221431	0.278580	0.278337	0.221653
HG00358	0.221430	0.278575	0.278342	0.221653
HG00360	0.221431	0.278581	0.278338	0.221650
HG00361	0.221430	0.278574	0.278340	0.221656
HG00362	0.221434	0.278572	0.278334	0.221660
HG00364	0.221431	0.278577	0.278337	0.221655
HG00365	0.221430	0.278574	0.278340	0.221656
HG00366	0.221434	0.278576	0.278335	0.221654
HG00367	0.221431	0.278578	0.278338	0.221653
HG00368	0.221434	0.278579	0.278334	0.221653
HG00369	0.221432	0.278576	0.278335	0.221658
HG00371	0.221431	0.278577	0.278333	0.221658
HG00372	0.221430	0.278583	0.278336	0.221651
HG00373	0.221430	0.278573	0.278338	0.221659
HG00375	0.221435	0.278571	0.278333	0.221661
HG00376	0.221435	0.278577	0.278337	0.221651
HG00378	0.221436	0.278574	0.278335	0.221655
HG00379	0.221436	0.278574	0.278333	0.221656
HG00380	0.221438	0.278572	0.278333	0.221658
HG00381	0.221432	0.278578	0.278334	0.221656
HG00382	0.221435	0.278576	0.278336	0.221653
HG00383	0.221432	0.278579	0.278339	0.221650
HG00384	0.221433	0.278582	0.278332	0.221653
HG00403	0.221416	0.278594	0.278352	0.221638
HG00404	0.221415	0.278594	0.278357	0.221635
HG00406	0.221410	0.278593	0.278360	0.221637
HG00407	0.221419	0.278587	0.278355	0.221639
HG00409	0.221416	0.278595	0.278355	0.221635
HG00410	0.221411	0.278591	0.278359	0.221638
HG00419	0.221414	0.278595	0.278361	0.221630
HG00421	0.221407	0.278598	0.278361	0.221634
HG00422	0.221411	0.278599	0.278359	0.221630
HG00428	0.221406	0.278594	0.278364	0.221636
HG00436	0.221411	0.278601	0.278357	0.221631
HG00437	0.221411	0.278591	0.278360	0.221637
HG00442	0.221410	0.278595	0.278359	0.221636
HG00443	0.221410	0.278594	0.278355	0.221641
HG00445	0.221413	0.278594	0.278355	0.221638
HG00446	0.221415	0.278595	0.278354	0.221636
HG00448	0.221414	0.278599	0.278359	0.221628
HG00449	0.221413	0.278596	0.278355	0.221635
HG00451	0.221414	0.278596	0.278356	0.221634
HG00452	0.221413	0.278595	0.278355	0.221637
HG00457	0.221417	0.278593	0.278353	0.221637
HG00458	0.221416	0.278594	0.278355	0.221635
HG00463	0.221407	0.278601	0.278359	0.221633
HG00464	0.221412	0.278595	0.278355	0.221639
HG00472	0.221412	0.278599	0.278355	0.221634
HG00473	0.221408	0.278595	0.278360	0.221637
HG00475	0.221409	0.278599	0.278358	0.221634
HG00476	0.221410	0.278594	0.278365	0.221631
HG00478	0.221412	0.278596	0.278355	0.221636
HG00479	0.221414	0.278593	0.278359	0.221634
HG00500	0.221404	0.278601	0.278365	0.221630
HG00513	0.221415	0.278595	0.278356	0.221633
HG00524	0.221412	0.278596	0.278360	0.221632
HG00525	0.221408	0.278595	0.278362	0.221636
HG00530	0.221411	0.278596	0.278358	0.221635
HG00531	0.221411	0.278594	0.278360	0.221634
HG00533	0.221411	0.278595	0.278359	0.221634
HG00534	0.221411	0.278594	0.278357	0.221638
HG00536	0.221414	0.278593	0.278360	0.221633
HG00537	0.221411	0.278597	0.278360	0.221632
HG00542	0.221407	0.278598	0.278361	0.221634
HG00543	0.221416	0.278596	0.278355	0.221634
HG00556	0.221412	0.278596	0.278358	0.221633
HG00557	0.221411	0.278592	0.278359	0.221637
HG00559	0.221409	0.278595	0.278359	0.221636
HG00560	0.221414	0.278592	0.278356	0.221638
HG00565	0.221409	0.278593	0.278362	0.221635
HG00566	0.221408	0.278595	0.278364	0.221633
HG00580	0.221412	0.278597	0.278356	0.221635
HG00581	0.221411	0.278596	0.278360	0.221633
HG00583	0.221408	0.278597	0.278360	0.221635
HG00584	0.221409	0.278596	0.278357	0.221638
HG00589	0.221415	0.278599	0.278356	0.221630
HG00590	0.221414	0.278591	0.278354	0.221641
HG00592	0.221410	0.278598	0.278358	0.221634
HG00593	0.221412	0.278593	0.278358	0.221636
HG00595	0.221408	0.278591	0.278363	0.221639
HG00596	0.221409	0.278590	0.278361	0.221639
HG00598	0.221414	0.278599	0.278353	0.221634
HG00599	0.221407	0.278596	0.278361	0.221636
HG00607	0.221412	0.278593	0.278359	0.221637
HG00608	0.221412	0.278597	0.278360	0.221631
HG00610	0.221407	0.278594	0.278363	0.221637
HG00611	0.221411	0.278598	0.278358	0.221633
HG00613	0.221417	0.278597	0.278356	0.221631
HG00614	0.221414	0.278596	0.278354	0.221636
HG00619	0.221407	0.278597	0.278361	0.221635
HG00620	0.221406	0.278594	0.278361	0.221639
HG00622	0.221414	0.278592	0.278358	0.221636
HG00623	0.221411	0.278594	0.278361	0.221635
HG00625	0.221412	0.278596	0.278354	0.221637
HG00626	0.221411	0.278592	0.278358	0.221639
HG00628	0.221407	0.278601	0.278360	0.221632
HG00629	0.221413	0.278593	0.278358	0.221635
HG00631	0.221413	0.278594	0.278357	0.221637
HG00632	0.221414	0.278598	0.278357	0.221632
HG00634	0.221413	0.278595	0.278357	0.221636
HG00650	0.221409	0.278600	0.278358	0.221632
HG00651	0.221413	0.278595	0.278359	0.221632
HG00653	0.221411	0.278593	0.278359	0.221638
HG00654	0.221408	0.278598	0.278361	0.221633
HG00656	0.221416	0.278592	0.278352	0.221640
HG00657	0.221413	0.278591	0.278357	0.221638
HG00662	0.221409	0.278594	0.278362	0.221636
HG00663	0.221405	0.278593	0.278366	0.221636
HG00671	0.221413	0.278595	0.278357	0.221635
HG00672	0.221409	0.278603	0.278357	0.221632
HG00674	0.221409	0.278593	0.278363	0.221635
HG00675	0.221411	0.278600	0.278355	0.221634
HG00683	0.221411	0.278592	0.278361	0.221636
HG00684	0.221413	0.278592	0.278359	0.221636
HG00689	0.221412	0.278593	0.278359	0.221636
HG00690	0.221410	0.278594	0.278359	0.221637
HG00692	0.221411	0.278594	0.278357	0.221637
HG00693	0.221414	0.278597	0.278357	0.221633
HG00698	0.221411	0.278596	0.278359	0.221634
HG00699	0.221409	0.278596	0.278360	0.221635
HG00701	0.221415	0.278598	0.278355	0.221632
HG00704	0.221413	0.278594	0.278360	0.221632
HG00705	0.221408	0.278590	0.278360	0.221642
HG00707	0.221410	0.278595	0.278361	0.221635
HG00708	0.221415	0.278595	0.278353	0.221638
HG00717	0.221413	0.278592	0.278358	0.221637
HG00728	0.221412	0.278594	0.278359	0.221634
HG00729	0.221413	0.278596	0.278355	0.221636
HG00759	0.221410	0.278596	0.278358	0.221635
HG00766	0.221413	0.278590	0.278358	0.221639
HG00844	0.221414	0.278594	0.278359	0.221633
HG00851	0.221409	0.278595	0.278358	0.221638
HG00864	0.221409	0.278597	0.278360	0.221634
HG00867	0.221412	0.278592	0.278358	0.221637
HG00879	0.221419	0.278590	0.278354	0.221637
HG00881	0.221413	0.278595	0.278357	0.221635
HG00956	0.221411	0.278595	0.278359	0.221635
HG00978	0.221410	0.278590	0.278357	0.221642
HG00982	0.221412	0.278594	0.278356	0.221638
HG01028	0.221410	0.278592	0.278361	0.221637
HG01029	0.221417	0.278589	0.278353	0.221642
HG01031	0.221414	0.278593	0.278353	0.221640
HG01046	0.221413	0.278600	0.278357	0.221629
HG01334	0.221437	0.278575	0.278331	0.221656
HG01500	0.221438	0.278571	0.278329	0.221662
HG01501	0.221443	0.278570	0.278323	0.221663
HG01503	0.221436	0.278566	0.278330	0.221668
HG01504	0.221437	0.278568	0.278330	0.221665
HG01506	0.221447	0.278564	0.278322	0.221668
HG01507	0.221440	0.278567	0.278324	0.221669
HG01509	0.221441	0.278567	0.278326	0.221666
HG01510	0.221439	0.278565	0.278330	0.221666
HG01512	0.221440	0.278570	0.278330	0.221659
HG01513	0.221437	0.278573	0.278330	0.221660
HG01515	0.221439	0.278571	0.278335	0.221655
HG01516	0.221442	0.278575	0.278331	0.221652
HG01518	0.221440	0.278571	0.278330	0.221659
HG01519	0.221430	0.278576	0.278334	0.221660
HG01521	0.221437	0.278572	0.278330	0.221661
HG01522	0.221437	0.278566	0.278333	0.221664
HG01524	0.221437	0.278569	0.278330	0.221665
HG01525	0.221447	0.278569	0.278321	0.221663
HG01527	0.221442	0.278563	0.278328	0.221667
HG01528	0.221445	0.278571	0.278321	0.221663
HG01530	0.221442	0.278566	0.278324	0.221667
HG01531	0.221444	0.278563	0.278330	0.221663
HG01536	0.221441	0.278570	0.278324	0.221665
HG01537	0.221440	0.278574	0.278325	0.221661
HG01583	0.221432	0.278578	0.278334	0.221656
HG01586	0.221430	0.278574	0.278340	0.221657
HG01589	0.221432	0.278579	0.278339	0.221650
HG01593	0.221432	0.278578	0.278334	0.221656
HG01595	0.221417	0.278591	0.278350	0.221641
HG01596	0.221410	0.278593	0.278362	0.221635
HG01597	0.221415	0.278594	0.278356	0.221635
HG01598	0.221412	0.278599	0.278354	0.221634
HG01599	0.221414	0.278592	0.278357	0.221637
HG01600	0.221413	0.278590	0.278357	0.221639
HG01602	0.221442	0.278569	0.278329	0.221659
HG01603	0.221441	0.278561	0.278329	0.221669
HG01605	0.221438	0.278571	0.278327	0.221665
HG01606	0.221441	0.278573	0.278324	0.221663
HG01607	0.221439	0.278572	0.278330	0.221658
HG01608	0.221439	0.278572	0.278328	0.221661
HG01610	0.221442	0.278563	0.278327	0.221668
HG01612	0.221441	0.278569	0.278327	0.221663
HG01613	0.221440	0.278572	0.278327	0.221662
HG01615	0.221445	0.278569	0.278322	0.221664
HG01617	0.221437	0.278570	0.278331	0.221661
HG01618	0.221442	0.278570	0.278326	0.221662
HG01619	0.221439	0.278571	0.278328	0.221662
HG01620	0.221443	0.278566	0.278324	0.221667
HG01623	0.221444	0.278566	0.278323	0.221667
HG01624	0.221441	0.278568	0.278327	0.221665
HG01625	0.221437	0.278574	0.278330	0.221659
HG01626	0.221441	0.278565	0.278326	0.221668
HG01628	0.221448	0.278562	0.278323	0.221668
HG01630	0.221446	0.278556	0.278324	0.221674
HG01631	0.221438	0.278571	0.278331	0.221660
HG01632	0.221440	0.278570	0.278328	0.221663
HG01668	0.221445	0.278563	0.278323	0.221669
HG01669	0.221447	0.278563	0.278319	0.221671
HG01670	0.221439	0.278565	0.278328	0.221668
HG01672	0.221437	0.278580	0.278331	0.221653
HG01673	0.221440	0.278572	0.278325	0.221663
HG01675	0.221437	0.278568	0.278330	0.221665
HG01676	0.221439	0.278566	0.278328	0.221667
HG01678	0.221444	0.278571	0.278322	0.221664
HG01679	0.221441	0.278567	0.278330	0.221663
HG01680	0.221441	0.278570	0.278330	0.221659
HG01682	0.221439	0.278571	0.278326	0.221664
HG01684	0.221438	0.278572	0.278335	0.221654
HG01685	0.221443	0.278567	0.278328	0.221662
HG01686	0.221440	0.278573	0.278325	0.221663
HG01694	0.221449	0.278564	0.278323	0.221665
HG01695	0.221446	0.278558	0.278323	0.221673
HG01697	0.221445	0.278565	0.278323	0.221666
HG01699	0.221441	0.278571	0.278328	0.221661
HG01700	0.221438	0.278576	0.278332	0.221654
HG01702	0.221440	0.278566	0.278333	0.221661
HG01704	0.221443	0.278563	0.278326	0.221667
HG01705	0.221440	0.278567	0.278325	0.221668
HG01707	0.221440	0.278565	0.278331	0.221665
HG01708	0.221443	0.278565	0.278326	0.221666
HG01709	0.221444	0.278563	0.278328	0.221665
HG01710	0.221435	0.278563	0.278333	0.221669
HG01746	0.221444	0.278570	0.278327	0.221659
HG01747	0.221435	0.278570	0.278334	0.221662
HG01756	0.221441	0.278570	0.278327	0.221662
HG01757	0.221440	0.278566	0.278328	0.221666
HG01761	0.221440	0.278565	0.278330	0.221665
HG01762	0.221437	0.278569	0.278329	0.221665
HG01765	0.221437	0.278572	0.278334	0.221657
HG01766	0.221443	0.278569	0.278325	0.221662
HG01767	0.221444	0.278564	0.278327	0.221665
HG01768	0.221444	0.278565	0.278326	0.221665
HG01770	0.221437	0.278571	0.278332	0.221660
HG01771	0.221437	0.278568	0.278333	0.221662
HG01773	0.221436	0.278573	0.278331	0.221661
HG01775	0.221438	0.278565	0.278333	0.221665
HG01776	0.221438	0.278564	0.278333	0.221665
HG01777	0.221439	0.278572	0.278326	0.221663
HG01779	0.221445	0.278565	0.278325	0.221665
HG01781	0.221442	0.278572	0.278327	0.221659
HG01783	0.221437	0.278569	0.278330	0.221664
HG01784	0.221443	0.278568	0.278328	0.221661
HG01785	0.221440	0.278572	0.278329	0.221658
HG01786	0.221442	0.278566	0.278323	0.221668
HG01789	0.221437	0.278579	0.278332	0.221653
HG01790	0.221438	0.278574	0.278327	0.221662
HG01791	0.221432	0.278577	0.278333	0.221657
HG01794	0.221414	0.278590	0.278358	0.221637
HG01795	0.221417	0.278592	0.278353	0.221639
HG01796	0.221412	0.278596	0.278357	0.221635
HG01797	0.221410	0.278595	0.278360	0.221635
HG01798	0.221411	0.278595	0.278355	0.221639
HG01799	0.221412	0.278596	0.278361	0.221631
HG01800	0.221412	0.278594	0.278362	0.221632
HG01801	0.221412	0.278594	0.278358	0.221636
HG01802	0.221410	0.278592	0.278357	0.221641
HG01804	0.221413	0.278595	0.278353	0.221638
HG01805	0.221413	0.278599	0.278355	0.221633
HG01806	0.221415	0.278591	0.278357	0.221637
HG01807	0.221417	0.278591	0.278354	0.221638
HG01808	0.221410	0.278593	0.278361	0.221636
HG01809	0.221414	0.278596	0.278358	0.221633
HG01810	0.221413	0.278593	0.278355	0.221639
HG01811	0.221411	0.278595	0.278358	0.221637
HG01812	0.221407	0.278593	0.278359	0.221641
HG01813	0.221410	0.278597	0.278358	0.221636
HG01815	0.221414	0.278593	0.278354	0.221638
HG01816	0.221417	0.278592	0.278353	0.221638
HG01817	0.221416	0.278597	0.278355	0.221631
HG01840	0.221413	0.278592	0.278360	0.221635
HG01841	0.221410	0.278595	0.278356	0.221639
HG01842	0.221410	0.278600	0.278354	0.221635
HG01843	0.221410	0.278595	0.278359	0.221636
HG01844	0.221415	0.278599	0.278351	0.221636
HG01845	0.221410	0.278596	0.278357	0.221637
HG01846	0.221414	0.278598	0.278352	0.221635
HG01847	0.221414	0.278592	0.278357	0.221637
HG01848	0.221412	0.278594	0.278355	0.221638
HG01849	0.221408	0.278596	0.278362	0.221634
HG01850	0.221408	0.278595	0.278359	0.221639
HG01851	0.221414	0.278589	0.278358	0.221639
HG01852	0.221414	0.278594	0.278355	0.221637
HG01853	0.221412	0.278598	0.278354	0.221637
HG01855	0.221408	0.278602	0.278357	0.221633
HG01857	0.221416	0.278593	0.278354	0.221637
HG01858	0.221411	0.278596	0.278357	0.221636
HG01859	0.221417	0.278597	0.278352	0.221634
HG01860	0.221409	0.278598	0.278363	0.221630
HG01861	0.221404	0.278603	0.278364	0.221630
HG01862	0.221413	0.278591	0.278359	0.221637
HG01863	0.221411	0.278591	0.278361	0.221638
HG01864	0.221414	0.278592	0.278356	0.221638
HG01865	0.221414	0.278597	0.278356	0.221633
HG01866	0.221417	0.278593	0.278357	0.221634
HG01867	0.221406	0.278595	0.278362	0.221637
HG01868	0.221411	0.278592	0.278357	0.221640
HG01869	0.221416	0.278591	0.278352	0.221641
HG01870	0.221415	0.278594	0.278355	0.221636
HG01871	0.221413	0.278597	0.278351	0.221638
HG01872	0.221411	0.278595	0.278359	0.221635
HG01873	0.221411	0.278595	0.278360	0.221634
HG01874	0.221414	0.278593	0.278358	0.221635
HG01878	0.221410	0.278596	0.278357	0.221637
HG02016	0.221411	0.278592	0.278356	0.221641
HG02017	0.221408	0.278595	0.278364	0.221634
HG02019	0.221416	0.278594	0.278353	0.221637
HG02020	0.221407	0.278600	0.278359	0.221634
HG02023	0.221414	0.278592	0.278357	0.221637
HG02025	0.221417	0.278594	0.278354	0.221636
HG02026	0.221413	0.278596	0.278354	0.221636
HG02028	0.221409	0.278598	0.278356	0.221637
HG02029	0.221416	0.278591	0.278357	0.221636
HG02031	0.221417	0.278592	0.278350	0.221640
HG02032	0.221409	0.278594	0.278357	0.221639
HG02035	0.221414	0.278593	0.278354	0.221639
HG02040	0.221417	0.278591	0.278357	0.221635
HG02047	0.221415	0.278590	0.278354	0.221640
HG02048	0.221412	0.278591	0.278356	0.221641
HG02049	0.221412	0.278596	0.278358	0.221634
HG02050	0.221410	0.278595	0.278358	0.221637
HG02057	0.221415	0.278594	0.278352	0.221639
HG02058	0.221410	0.278598	0.278354	0.221637
HG02060	0.221413	0.278591	0.278353	0.221642
HG02061	0.221413	0.278597	0.278353	0.221637
HG02064	0.221410	0.278596	0.278356	0.221638
HG02067	0.221412	0.278590	0.278358	0.221639
HG02069	0.221415	0.278595	0.278353	0.221637
HG02070	0.221415	0.278594	0.278352	0.221639
HG02072	0.221412	0.278592	0.278359	0.221637
HG02073	0.221417	0.278592	0.278359	0.221633
HG02075	0.221408	0.278603	0.278360	0.221629
HG02076	0.221412	0.278599	0.278354	0.221635
HG02078	0.221415	0.278595	0.278353	0.221637
HG02079	0.221412	0.278594	0.278358	0.221637
HG02081	0.221416	0.278591	0.278352	0.221641
HG02082	0.221414	0.278596	0.278353	0.221637
HG02084	0.221412	0.278593	0.278355	0.221639
HG02085	0.221415	0.278594	0.278358	0.221633
HG02086	0.221416	0.278595	0.278357	0.221632
HG02087	0.221415	0.278592	0.278354	0.221638
HG02088	0.221411	0.278595	0.278357	0.221638
HG02113	0.221410	0.278596	0.278358	0.221636
HG02116	0.221409	0.278596	0.278359	0.221635
HG02121	0.221411	0.278596	0.278361	0.221633
HG02122	0.221416	0.278593	0.278353	0.221638
HG02127	0.221411	0.278598	0.278360	0.221632
HG02128	0.221413	0.278597	0.278356	0.221634
HG02130	0.221416	0.278593	0.278356	0.221635
HG02131	0.221417	0.278588	0.278347	0.221648
HG02133	0.221414	0.278594	0.278360	0.221633
HG02134	0.221413	0.278594	0.278356	0.221636
HG02136	0.221411	0.278591	0.278360	0.221638
HG02137	0.221410	0.278596	0.278360	0.221635
HG02138	0.221411	0.278596	0.278356	0.221637
HG02139	0.221410	0.278590	0.278360	0.221640
HG02140	0.221417	0.278593	0.278350	0.221640
HG02141	0.221411	0.278594	0.278358	0.221637
HG02142	0.221418	0.278593	0.278353	0.221637
HG02151	0.221412	0.278595	0.278357	0.221635
HG02152	0.221412	0.278591	0.278358	0.221640
HG02153	0.221414	0.278589	0.278357	0.221639
HG02154	0.221413	0.278594	0.278356	0.221637
HG02155	0.221411	0.278594	0.278358	0.221637
HG02156	0.221415	0.278589	0.278355	0.221641
HG02164	0.221417	0.278591	0.278351	0.221641
HG02165	0.221407	0.278597	0.278358	0.221638
HG02166	0.221410	0.278598	0.278356	0.221636
HG02178	0.221413	0.278594	0.278355	0.221638
HG02179	0.221417	0.278593	0.278354	0.221637
HG02180	0.221412	0.278592	0.278356	0.221640
HG02181	0.221413	0.278593	0.278354	0.221640
HG02182	0.221410	0.278593	0.278363	0.221634
HG02184	0.221412	0.278596	0.278357	0.221636
HG02185	0.221413	0.278600	0.278356	0.221632
HG02186	0.221417	0.278592	0.278352	0.221639
HG02187	0.221410	0.278594	0.278360	0.221636
HG02188	0.221412	0.278592	0.278359	0.221636
HG02190	0.221416	0.278597	0.278354	0.221633
HG02215	0.221433	0.278571	0.278340	0.221656
HG02219	0.221439	0.278569	0.278328	0.221664
HG02220	0.221442	0.278570	0.278328	0.221660
HG02221	0.221442	0.278570	0.278327	0.221661
HG02223	0.221440	0.278569	0.278330	0.221661
HG02224	0.221443	0.278566	0.278326	0.221665
HG02230	0.221446	0.278568	0.278322	0.221663
HG02231	0.221437	0.278571	0.278332	0.221660
HG02232	0.221443	0.278563	0.278326	0.221668
HG02233	0.221443	0.278571	0.278328	0.221658
HG02235	0.221435	0.278570	0.278329	0.221665
HG02236	0.221436	0.278567	0.278330	0.221668
HG02238	0.221439	0.278569	0.278327	0.221665
HG02239	0.221442	0.278566	0.278331	0.221661
HG02250	0.221411	0.278596	0.278359	0.221634
HG02351	0.221411	0.278595	0.278358	0.221636
HG02353	0.221412	0.278594	0.278358	0.221636
HG02355	0.221413	0.278595	0.278359	0.221633
HG02356	0.221411	0.278598	0.278356	0.221635
HG02360	0.221408	0.278596	0.278360	0.221636
HG02364	0.221411	0.278591	0.278359	0.221639
HG02367	0.221415	0.278594	0.278354	0.221637
HG02371	0.221411	0.278598	0.278358	0.221633
HG02373	0.221410	0.278598	0.278357	0.221635
HG02374	0.221412	0.278596	0.278356	0.221636
HG02375	0.221409	0.278593	0.278358	0.221640
HG02379	0.221402	0.278593	0.278366	0.221640
HG02380	0.221411	0.278596	0.278356	0.221637
HG02382	0.221409	0.278595	0.278359	0.221637
HG02383	0.221418	0.278590	0.278355	0.221637
HG02384	0.221415	0.278593	0.278356	0.221636
HG02385	0.221413	0.278588	0.278359	0.221640
HG02386	0.221411	0.278598	0.278357	0.221635
HG02389	0.221409	0.278593	0.278359	0.221639
HG02390	0.221417	0.278596	0.278352	0.221635
HG02391	0.221414	0.278599	0.278356	0.221631
HG02392	0.221409	0.278602	0.278358	0.221632
HG02394	0.221412	0.278590	0.278361	0.221637
HG02395	0.221411	0.278595	0.278361	0.221633
HG02396	0.221409	0.278598	0.278358	0.221634
HG02397	0.221414	0.278591	0.278357	0.221638
HG02398	0.221412	0.278592	0.278358	0.221638
HG02399	0.221414	0.278594	0.278353	0.221639
HG02401	0.221413	0.278595	0.278356	0.221636
HG02402	0.221411	0.278599	0.278358	0.221632
HG02406	0.221405	0.278594	0.278364	0.221637
HG02407	0.221411	0.278593	0.278356	0.221640
HG02408	0.221414	0.278596	0.278357	0.221632
HG02409	0.221409	0.278599	0.278358	0.221635
HG02410	0.221407	0.278600	0.278361	0.221633
HG02461	0.221618	0.278388	0.278151	0.221843
HG02462	0.221629	0.278391	0.278143	0.221837
HG02464	0.221639	0.278365	0.278137	0.221859
HG02465	0.221635	0.278373	0.278136	0.221856
HG02490	0.221435	0.278575	0.278335	0.221655
HG02491	0.221433	0.278576	0.278337	0.221654
HG02493	0.221435	0.278575	0.278333	0.221658
HG02494	0.221432	0.278570	0.278332	0.221665
HG02512	0.221416	0.278593	0.278354	0.221637
HG02513	0.221407	0.278600	0.278357	0.221636
HG02521	0.221411	0.278594	0.278358	0.221638
HG02522	0.221415	0.278598	0.278356	0.221630
HG02561	0.221624	0.278381	0.278139	0.221856
HG02562	0.221635	0.278380	0.278141	0.221843
HG02568	0.221617	0.278395	0.278153	0.221835
HG02570	0.221627	0.278379	0.278144	0.221850
HG02571	0.221635	0.278388	0.278137	0.221840
HG02573	0.221625	0.278387	0.278148	0.221840
HG02574	0.221617	0.278387	0.278143	0.221853
HG02582	0.221619	0.278384	0.278147	0.221849
HG02583	0.221634	0.278368	0.278129	0.221870
HG02585	0.221626	0.278376	0.278144	0.221854
HG02586	0.221625	0.278383	0.278154	0.221838
HG02588	0.221619	0.278391	0.278145	0.221845
HG02589	0.221625	0.278383	0.278145	0.221846
HG02594	0.221633	0.278372	0.278136	0.221859
HG02595	0.221632	0.278383	0.278136	0.221849
HG02597	0.221437	0.278578	0.278331	0.221654
HG02600	0.221434	0.278571	0.278335	0.221659
HG02601	0.221432	0.278572	0.278338	0.221658
HG02603	0.221432	0.278574	0.278334	0.221660
HG02604	0.221430	0.278573	0.278338	0.221659
HG02610	0.221630	0.278373	0.278133	0.221864
HG02611	0.221626	0.278378	0.278149	0.221847
HG02613	0.221626	0.278387	0.278141	0.221846
HG02614	0.221618	0.278392	0.278153	0.221837
HG02620	0.221639	0.278377	0.278135	0.221850
HG02621	0.221633	0.278379	0.278130	0.221858
HG02623	0.221640	0.278378	0.278132	0.221850
HG02624	0.221635	0.278387	0.278133	0.221844
HG02628	0.221634	0.278373	0.278137	0.221856
HG02629	0.221629	0.278376	0.278144	0.221851
HG02634	0.221619	0.278387	0.278151	0.221843
HG02635	0.221619	0.278380	0.278150	0.221851
HG02642	0.221621	0.278386	0.278153	0.221840
HG02643	0.221614	0.278393	0.278150	0.221843
HG02645	0.221623	0.278397	0.278141	0.221839
HG02646	0.221633	0.278387	0.278137	0.221843
HG02648	0.221440	0.278572	0.278331	0.221658
HG02649	0.221440	0.278577	0.278331	0.221652
HG02651	0.221432	0.278579	0.278337	0.221652
HG02652	0.221435	0.278573	0.278336	0.221657
HG02654	0.221435	0.278579	0.278332	0.221653
HG02655	0.221433	0.278572	0.278340	0.221656
HG02657	0.221435	0.278574	0.278334	0.221657
HG02658	0.221431	0.278579	0.278338	0.221651
HG02660	0.221433	0.278576	0.278334	0.221658
HG02661	0.221433	0.278577	0.278338	0.221652
HG02666	0.221630	0.278380	0.278138	0.221852
HG02667	0.221616	0.278377	0.278156	0.221851
HG02675	0.221632	0.278371	0.278139	0.221858
HG02676	0.221628	0.278384	0.278140	0.221848
HG02678	0.221621	0.278390	0.278144	0.221845
HG02679	0.221629	0.278391	0.278140	0.221840
HG02681	0.221438	0.278575	0.278331	0.221656
HG02682	0.221427	0.278581	0.278342	0.221650
HG02684	0.221429	0.278582	0.278337	0.221652
HG02685	0.221430	0.278583	0.278335	0.221652
HG02687	0.221427	0.278583	0.278341	0.221649
HG02688	0.221428	0.278582	0.278336	0.221654
HG02690	0.221439	0.278576	0.278327	0.221658
HG02691	0.221423	0.278586	0.278342	0.221649
HG02694	0.221438	0.278578	0.278329	0.221655
HG02696	0.221431	0.278579	0.278335	0.221656
HG02697	0.221431	0.278576	0.278336	0.221657
HG02699	0.221428	0.278580	0.278340	0.221652
HG02700	0.221436	0.278579	0.278333	0.221652
HG02702	0.221610	0.278398	0.278150	0.221841
HG02703	0.221634	0.278381	0.278140	0.221844
HG02715	0.221630	0.278377	0.278138	0.221856
HG02716	0.221625	0.278373	0.278144	0.221858
HG02721	0.221627	0.278372	0.278137	0.221864
HG02722	0.221635	0.278373	0.278136	0.221857
HG02724	0.221434	0.278581	0.278333	0.221652
HG02725	0.221425	0.278582	0.278343	0.221651
HG02727	0.221432	0.278584	0.278336	0.221648
HG02728	0.221437	0.278580	0.278335	0.221648
HG02731	0.221428	0.278584	0.278338	0.221650
HG02733	0.221430	0.278569	0.278336	0.221665
HG02734	0.221432	0.278576	0.278334	0.221658
HG02736	0.221431	0.278580	0.278337	0.221652
HG02737	0.221431	0.278573	0.278335	0.221661
HG02756	0.221635	0.278374	0.278141	0.221851
HG02757	0.221622	0.278377	0.278148	0.221853
HG02759	0.221621	0.278391	0.278138	0.221850
HG02760	0.221617	0.278387	0.278144	0.221851
HG02763	0.221619	0.278382	0.278155	0.221843
HG02768	0.221634	0.278372	0.278143	0.221850
HG02769	0.221627	0.278382	0.278139	0.221852
HG02771	0.221626	0.278369	0.278149	0.221856
HG02772	0.221633	0.278390	0.278133	0.221844
HG02774	0.221433	0.278577	0.278331	0.221658
HG02775	0.221433	0.278574	0.278338	0.221655
HG02778	0.221425	0.278578	0.278339	0.221659
HG02780	0.221432	0.278582	0.278336	0.221650
HG02783	0.221431	0.278582	0.278338	0.221648
HG02784	0.221430	0.278586	0.278335	0.221649
HG02786	0.221431	0.278578	0.278337	0.221654
HG02787	0.221433	0.278579	0.278334	0.221654
HG02789	0.221434	0.278581	0.278330	0.221655
HG02790	0.221431	0.278577	0.278334	0.221658
HG02792	0.221438	0.278576	0.278333	0.221653
HG02793	0.221432	0.278571	0.278334	0.221663
HG02798	0.221629	0.278370	0.278142	0.221858
HG02799	0.221622	0.278384	0.278151	0.221842
HG02804	0.221634	0.278375	0.278133	0.221859
HG02805	0.221625	0.278365	0.278143	0.221867
HG02807	0.221620	0.278385	0.278145	0.221849
HG02808	0.221619	0.278392	0.278139	0.221850
HG02810	0.221608	0.278398	0.278163	0.221831
HG02811	0.221626	0.278370	0.278149	0.221854
HG02813	0.221630	0.278377	0.278139	0.221854
HG02814	0.221634	0.278384	0.278139	0.221844
HG02816	0.221620	0.278382	0.278149	0.221849
HG02817	0.221630	0.278387	0.278137	0.221846
HG02819	0.221630	0.278382	0.278143	0.221845
HG02820	0.221637	0.278372	0.278135	0.221856
HG02836	0.221635	0.278382	0.278143	0.221840
HG02837	0.221631	0.278378	0.278135	0.221856
HG02839	0.221625	0.278388	0.278147	0.221840
HG02840	0.221619	0.278388	0.278146	0.221847
HG02851	0.221632	0.278380	0.278132	0.221855
HG02852	0.221621	0.278388	0.278148	0.221843
HG02854	0.221632	0.278369	0.278141	0.221858
HG02855	0.221622	0.278381	0.278147	0.221849
HG02860	0.221634	0.278378	0.278143	0.221845
HG02861	0.221622	0.278393	0.278148	0.221836
HG02870	0.221617	0.278382	0.278155	0.221845
HG02878	0.221623	0.278387	0.278151	0.221839
HG02879	0.221637	0.278390	0.278129	0.221844
HG02881	0.221637	0.278364	0.278128	0.221871
HG02882	0.221638	0.278368	0.278141	0.221852
HG02884	0.221640	0.278389	0.278135	0.221837
HG02885	0.221631	0.278378	0.278140	0.221850
HG02887	0.221635	0.278379	0.278144	0.221841
HG02888	0.221624	0.278390	0.278145	0.221841
HG02890	0.221635	0.278371	0.278144	0.221850
HG02891	0.221630	0.278376	0.278144	0.221850
HG02895	0.221620	0.278387	0.278145	0.221848
HG02896	0.221627	0.278375	0.278141	0.221857
HG02922	0.221631	0.278381	0.278141	0.221847
HG02923	0.221623	0.278376	0.278147	0.221855
HG02938	0.221631	0.278371	0.278137	0.221860
HG02941	0.221627	0.278382	0.278141	0.221851
HG02943	0.221641	0.278371	0.278131	0.221857
HG02944	0.221640	0.278374	0.278132	0.221854
HG02946	0.221623	0.278374	0.278139	0.221864
HG02947	0.221638	0.278362	0.278133	0.221866
HG02952	0.221632	0.278371	0.278146	0.221851
HG02953	0.221624	0.278388	0.278147	0.221841
HG02968	0.221653	0.278371	0.278120	0.221857
HG02970	0.221636	0.278378	0.278128	0.221858
HG02971	0.221632	0.278371	0.278134	0.221863
HG02973	0.221623	0.278379	0.278148	0.221850
HG02974	0.221627	0.278382	0.278139	0.221852
HG02976	0.221638	0.278383	0.278127	0.221852
HG02977	0.221638	0.278368	0.278134	0.221860
HG02979	0.221636	0.278380	0.278129	0.221855
HG02981	0.221638	0.278366	0.278131	0.221865
HG02982	0.221635	0.278374	0.278140	0.221851
HG02983	0.221631	0.278376	0.278140	0.221853
HG03006	0.221431	0.278575	0.278338	0.221656
HG03007	0.221430	0.278578	0.278337	0.221655
HG03009	0.221430	0.278574	0.278339	0.221657
HG03012	0.221432	0.278575	0.278337	0.221657
HG03015	0.221430	0.278575	0.278339	0.221656
HG03016	0.221429	0.278578	0.278337	0.221655
HG03018	0.221430	0.278582	0.278336	0.221652
HG03019	0.221428	0.278582	0.278339	0.221650
HG03021	0.221437	0.278576	0.278335	0.221652
HG03022	0.221419	0.278579	0.278349	0.221652
HG03024	0.221625	0.278379	0.278151	0.221846
HG03025	0.221630	0.278380	0.278144	0.221846
HG03027	0.221632	0.278377	0.278140	0.221852
HG03028	0.221640	0.278371	0.278132	0.221857
HG03039	0.221632	0.278381	0.278139	0.221848
HG03040	0.221634	0.278370	0.278132	0.221864
HG03045	0.221617	0.278387	0.278146	0.221850
HG03046	0.221633	0.278377	0.278137	0.221853
HG03048	0.221627	0.278376	0.278144	0.221854
HG03049	0.221628	0.278390	0.278133	0.221849
HG03052	0.221644	0.278357	0.278126	0.221873
HG03054	0.221647	0.278362	0.278126	0.221865
HG03055	0.221656	0.278355	0.278120	0.221869
HG03057	0.221640	0.278369	0.278129	0.221861
HG03058	0.221645	0.278361	0.278129	0.221865
HG03060	0.221640	0.278358	0.278143	0.221860
HG03061	0.221642	0.278359	0.278127	0.221872
HG03063	0.221638	0.278377	0.278132	0.221852
HG03064	0.221653	0.278356	0.278123	0.221869
HG03066	0.221650	0.278361	0.278117	0.221872
HG03069	0.221643	0.278369	0.278130	0.221858
HG03072	0.221646	0.278362	0.278121	0.221871
HG03073	0.221639	0.278372	0.278129	0.221860
HG03074	0.221649	0.278365	0.278121	0.221865
HG03077	0.221640	0.278368	0.278130	0.221862
HG03078	0.221635	0.278369	0.278135	0.221861
HG03079	0.221636	0.278369	0.278130	0.221866
HG03081	0.221641	0.278366	0.278127	0.221866
HG03082	0.221638	0.278378	0.278133	0.221851
HG03084	0.221633	0.278374	0.278132	0.221861
HG03085	0.221637	0.278367	0.278133	0.221863
HG03086	0.221650	0.278369	0.278117	0.221864
HG03088	0.221634	0.278377	0.278133	0.221855
HG03091	0.221642	0.278366	0.278131	0.221861
HG03095	0.221650	0.278345	0.278122	0.221883
HG03096	0.221637	0.278356	0.278126	0.221880
HG03097	0.221644	0.278364	0.278121	0.221871
HG03099	0.221643	0.278384	0.278135	0.221838
HG03100	0.221620	0.278384	0.278148	0.221847
HG03103	0.221624	0.278371	0.278143	0.221862
HG03105	0.221637	0.278378	0.278136	0.221850
HG03108	0.221630	0.278381	0.278143	0.221846
HG03109	0.221628	0.278383	0.278141	0.221848
HG03111	0.221643	0.278367	0.278128	0.221861
HG03112	0.221636	0.278359	0.278140	0.221866
HG03114	0.221640	0.278371	0.278140	0.221849
HG03115	0.221631	0.278382	0.278136	0.221851
HG03117	0.221640	0.278371	0.278129	0.221859
HG03118	0.221631	0.278377	0.278145	0.221847
HG03120	0.221637	0.278365	0.278145	0.221852
HG03121	0.221630	0.278385	0.278145	0.221841
HG03123	0.221624	0.278377	0.278146	0.221853
HG03124	0.221638	0.278367	0.278136	0.221860
HG03126	0.221629	0.278383	0.278144	0.221844
HG03127	0.221635	0.278384	0.278132	0.221849
HG03129	0.221623	0.278378	0.278149	0.221850
HG03130	0.221632	0.278373	0.278131	0.221864
HG03132	0.221634	0.278374	0.278131	0.221862
HG03133	0.221625	0.278379	0.278149	0.221847
HG03135	0.221628	0.278381	0.278145	0.221847
HG03136	0.221623	0.278391	0.278144	0.221842
HG03139	0.221626	0.278370	0.278146	0.221859
HG03157	0.221625	0.278378	0.278137	0.221860
HG03159	0.221636	0.278380	0.278134	0.221850
HG03160	0.221634	0.278370	0.278136	0.221860
HG03162	0.221623	0.278378	0.278142	0.221858
HG03163	0.221639	0.278381	0.278132	0.221848
HG03166	0.221624	0.278382	0.278142	0.221852
HG03168	0.221620	0.278378	0.278150	0.221852
HG03169	0.221629	0.278377	0.278149	0.221845
HG03172	0.221625	0.278378	0.278144	0.221852
HG03175	0.221636	0.278374	0.278131	0.221859
HG03189	0.221635	0.278366	0.278142	0.221858
HG03190	0.221631	0.278376	0.278138	0.221854
HG03193	0.221632	0.278378	0.278136	0.221854
HG03195	0.221626	0.278378	0.278142	0.221854
HG03196	0.221626	0.278380	0.278147	0.221847
HG03198	0.221627	0.278376	0.278147	0.221849
HG03199	0.221633	0.278372	0.278132	0.221864
HG03202	0.221632	0.278386	0.278133	0.221849
HG03209	0.221645	0.278359	0.278129	0.221868
HG03212	0.221635	0.278368	0.278132	0.221864
HG03224	0.221641	0.278358	0.278129	0.221872
HG03225	0.221636	0.278372	0.278125	0.221867
HG03228	0.221430	0.278574	0.278341	0.221656
HG03229	0.221432	0.278573	0.278336	0.221659
HG03234	0.221432	0.278576	0.278332	0.221660
HG03235	0.221434	0.278578	0.278332	0.221657
HG03237	0.221437	0.278582	0.278333	0.221648
HG03238	0.221439	0.278567	0.278333	0.221662
HG03240	0.221632	0.278383	0.278144	0.221841
HG03241	0.221636	0.278369	0.278132	0.221863
HG03246	0.221636	0.278384	0.278137	0.221844
HG03247	0.221631	0.278383	0.278147	0.221839
HG03258	0.221623	0.278384	0.278148	0.221845
HG03259	0.221622	0.278381	0.278144	0.221854
HG03265	0.221631	0.278380	0.278141	0.221848
HG03267	0.221636	0.278375	0.278135	0.221854
HG03268	0.221619	0.278391	0.278148	0.221843
HG03270	0.221636	0.278374	0.278138	0.221852
HG03271	0.221632	0.278375	0.278137	0.221857
HG03279	0.221628	0.278374	0.278141	0.221857
HG03280	0.221631	0.278371	0.278138	0.221861
HG03291	0.221634	0.278378	0.278136	0.221851
HG03294	0.221630	0.278373	0.278147	0.221851
HG03295	0.221637	0.278371	0.278127	0.221865
HG03297	0.221630	0.278370	0.278142	0.221859
HG03298	0.221631	0.278384	0.278142	0.221843
HG03300	0.221631	0.278386	0.278129	0.221855
HG03301	0.221641	0.278385	0.278133	0.221841
HG03303	0.221629	0.278365	0.278140	0.221866
HG03304	0.221642	0.278379	0.278130	0.221849
HG03311	0.221645	0.278367	0.278129	0.221858
HG03313	0.221623	0.278378	0.278146	0.221853
HG03342	0.221623	0.278374	0.278146	0.221857
HG03343	0.221629	0.278379	0.278147	0.221846
HG03351	0.221621	0.278384	0.278143	0.221852
HG03352	0.221627	0.278385	0.278141	0.221846
HG03354	0.221635	0.278376	0.278139	0.221850
HG03363	0.221632	0.278370	0.278136	0.221863
HG03366	0.221624	0.278381	0.278150	0.221845
HG03367	0.221639	0.278368	0.278137	0.221856
HG03369	0.221632	0.278378	0.278137	0.221853
HG03370	0.221628	0.278383	0.278137	0.221852
HG03372	0.221631	0.278388	0.278139	0.221842
HG03376	0.221633	0.278370	0.278131	0.221866
HG03378	0.221647	0.278369	0.278125	0.221859
HG03380	0.221651	0.278366	0.278118	0.221865
HG03382	0.221645	0.278363	0.278129	0.221863
HG03385	0.221647	0.278356	0.278122	0.221875
HG03388	0.221648	0.278359	0.278126	0.221867
HG03391	0.221640	0.278361	0.278134	0.221866
HG03394	0.221647	0.278366	0.278115	0.221872
HG03397	0.221642	0.278381	0.278128	0.221849
HG03401	0.221636	0.278378	0.278133	0.221852
HG03410	0.221644	0.278374	0.278132	0.221851
HG03419	0.221633	0.278375	0.278135	0.221856
HG03428	0.221644	0.278363	0.278128	0.221865
HG03432	0.221641	0.278379	0.278127	0.221853
HG03433	0.221647	0.278369	0.278123	0.221860
HG03436	0.221640	0.278368	0.278132	0.221859
HG03437	0.221644	0.278375	0.278130	0.221851
HG03439	0.221641	0.278364	0.278130	0.221865
HG03442	0.221642	0.278368	0.278119	0.221870
HG03445	0.221641	0.278371	0.278126	0.221862
HG03446	0.221630	0.278382	0.278139	0.221849
HG03449	0.221640	0.278369	0.278126	0.221864
HG03451	0.221636	0.278385	0.278133	0.221847
HG03452	0.221644	0.278355	0.278134	0.221866
HG03455	0.221634	0.278375	0.278135	0.221855
HG03457	0.221644	0.278372	0.278122	0.221862
HG03458	0.221639	0.278372	0.278128	0.221862
HG03460	0.221652	0.278370	0.278111	0.221866
HG03461	0.221652	0.278368	0.278122	0.221859
HG03464	0.221642	0.278360	0.278127	0.221871
HG03469	0.221637	0.278364	0.278130	0.221869
HG03470	0.221646	0.278361	0.278129	0.221864
HG03472	0.221651	0.278367	0.278123	0.221859
HG03473	0.221658	0.278357	0.278116	0.221869
HG03476	0.221641	0.278366	0.278129	0.221865
HG03478	0.221642	0.278350	0.278128	0.221880
HG03479	0.221633	0.278367	0.278141	0.221859
HG03484	0.221644	0.278360	0.278130	0.221866
HG03485	0.221636	0.278363	0.278132	0.221868
HG03488	0.221428	0.278575	0.278335	0.221662
HG03490	0.221438	0.278575	0.278332	0.221655
HG03491	0.221432	0.278574	0.278333	0.221661
HG03499	0.221625	0.278376	0.278143	0.221856
HG03511	0.221631	0.278383	0.278142	0.221844
HG03514	0.221643	0.278368	0.278136	0.221854
HG03515	0.221634	0.278378	0.278137	0.221851
HG03517	0.221643	0.278384	0.278127	0.221847
HG03518	0.221631	0.278373	0.278137	0.221859
HG03520	0.221624	0.278378	0.278138	0.221861
HG03521	0.221627	0.278382	0.278149	0.221842
HG03538	0.221623	0.278386	0.278144	0.221847
HG03539	0.221615	0.278388	0.278150	0.221847
HG03547	0.221623	0.278353	0.278145	0.221879
HG03548	0.221643	0.278355	0.278132	0.221871
HG03556	0.221641	0.278354	0.278136	0.221868
HG03557	0.221642	0.278357	0.278135	0.221866
HG03558	0.221639	0.278375	0.278135	0.221851
HG03559	0.221650	0.278364	0.278132	0.221854
HG03563	0.221645	0.278366	0.278132	0.221858
HG03565	0.221639	0.278367	0.278127	0.221868
HG03567	0.221635	0.278370	0.278136	0.221860
HG03571	0.221643	0.278363	0.278126	0.221868
HG03572	0.221636	0.278365	0.278137	0.221862
HG03575	0.221655	0.278366	0.278120	0.221859
HG03577	0.221638	0.278362	0.278130	0.221870
HG03578	0.221648	0.278370	0.278125	0.221857
HG03583	0.221635	0.278363	0.278138	0.221864
HG03585	0.221427	0.278580	0.278340	0.221652
HG03589	0.221430	0.278574	0.278337	0.221660
HG03593	0.221429	0.278576	0.278341	0.221654
HG03594	0.221420	0.278582	0.278346	0.221651
HG03595	0.221427	0.278583	0.278338	0.221652
HG03598	0.221423	0.278582	0.278347	0.221649
HG03600	0.221431	0.278576	0.278335	0.221658
HG03603	0.221427	0.278586	0.278341	0.221646
HG03604	0.221431	0.278578	0.278334	0.221657
HG03607	0.221431	0.278580	0.278338	0.221652
HG03611	0.221429	0.278579	0.278336	0.221656
HG03615	0.221429	0.278578	0.278340	0.221653
HG03616	0.221429	0.278577	0.278340	0.221654
HG03619	0.221434	0.278575	0.278338	0.221654
HG03624	0.221433	0.278573	0.278337	0.221657
HG03625	0.221426	0.278573	0.278342	0.221659
HG03629	0.221443	0.278573	0.278326	0.221658
HG03631	0.221433	0.278574	0.278332	0.221661
HG03634	0.221441	0.278573	0.278328	0.221658
HG03636	0.221425	0.278584	0.278344	0.221648
HG03640	0.221431	0.278580	0.278339	0.221650
HG03642	0.221438	0.278582	0.278332	0.221648
HG03643	0.221435	0.278581	0.278336	0.221649
HG03644	0.221431	0.278573	0.278337	0.221659
HG03645	0.221435	0.278575	0.278334	0.221656
HG03646	0.221438	0.278574	0.278334	0.221654
HG03649	0.221440	0.278575	0.278326	0.221659
HG03652	0.221437	0.278573	0.278333	0.221657
HG03653	0.221435	0.278577	0.278335	0.221654
HG03660	0.221425	0.278582	0.278341	0.221652
HG03663	0.221430	0.278581	0.278339	0.221651
HG03667	0.221435	0.278579	0.278330	0.221656
HG03668	0.221437	0.278569	0.278331	0.221663
HG03672	0.221436	0.278579	0.278332	0.221653
HG03673	0.221431	0.278575	0.278339	0.221655
HG03679	0.221431	0.278575	0.278338	0.221656
HG03680	0.221436	0.278575	0.278331	0.221658
HG03681	0.221426	0.278581	0.278339	0.221654
HG03684	0.221436	0.278576	0.278333	0.221656
HG03685	0.221430	0.278578	0.278336	0.221655
HG03686	0.221430	0.278580	0.278338	0.221652
HG03687	0.221422	0.278578	0.278343	0.221657
HG03689	0.221431	0.278574	0.278340	0.221656
HG03690	0.221430	0.278576	0.278334	0.221660
HG03691	0.221429	0.278577	0.278340	0.221654
HG03692	0.221426	0.278579	0.278339	0.221655
HG03693	0.221433	0.278569	0.278336	0.221662
HG03694	0.221425	0.278587	0.278342	0.221646
HG03695	0.221439	0.278577	0.278329	0.221655
HG03696	0.221435	0.278575	0.278330	0.221660
HG03697	0.221431	0.278580	0.278334	0.221655
HG03698	0.221436	0.278573	0.278330	0.221662
HG03702	0.221429	0.278583	0.278339	0.221650
HG03703	0.221432	0.278576	0.278335	0.221658
HG03705	0.221430	0.278585	0.278336	0.221649
HG03706	0.221430	0.278574	0.278336	0.221659
HG03708	0.221431	0.278574	0.278335	0.221660
HG03709	0.221430	0.278581	0.278335	0.221653
HG03711	0.221438	0.278573	0.278331	0.221657
HG03713	0.221426	0.278582	0.278339	0.221653
HG03714	0.221434	0.278574	0.278332	0.221661
HG03716	0.221436	0.278572	0.278334	0.221659
HG03717	0.221434	0.278579	0.278335	0.221652
HG03718	0.221425	0.278582	0.278343	0.221651
HG03720	0.221436	0.278574	0.278331	0.221658
HG03722	0.221431	0.278582	0.278332	0.221656
HG03727	0.221431	0.278577	0.278339	0.221654
HG03729	0.221427	0.278574	0.278341	0.221659
HG03730	0.221436	0.278573	0.278333	0.221658
HG03731	0.221431	0.278578	0.278336	0.221655
HG03733	0.221432	0.278576	0.278335	0.221657
HG03736	0.221434	0.278570	0.278332	0.221664
HG03738	0.221435	0.278575	0.278330	0.221660
HG03740	0.221427	0.278579	0.278337	0.221656
HG03741	0.221432	0.278578	0.278339	0.221651
HG03742	0.221439	0.278575	0.278330	0.221656
HG03743	0.221428	0.278574	0.278340	0.221657
HG03744	0.221435	0.278581	0.278332	0.221652
HG03745	0.221421	0.278587	0.278344	0.221648
HG03746	0.221432	0.278575	0.278337	0.221656
HG03750	0.221433	0.278574	0.278340	0.221653
HG03752	0.221430	0.278573	0.278334	0.221663
HG03753	0.221430	0.278577	0.278339	0.221655
HG03754	0.221434	0.278576	0.278335	0.221655
HG03755	0.221433	0.278569	0.278336	0.221662
HG03756	0.221435	0.278568	0.278337	0.221660
HG03757	0.221436	0.278573	0.278333	0.221658
HG03760	0.221431	0.278577	0.278338	0.221654
HG03762	0.221433	0.278577	0.278332	0.221657
HG03765	0.221436	0.278574	0.278333	0.221657
HG03767	0.221436	0.278572	0.278333	0.221659
HG03770	0.221436	0.278578	0.278332	0.221654
HG03771	0.221436	0.278576	0.278332	0.221657
HG03772	0.221439	0.278576	0.278331	0.221654
HG03773	0.221437	0.278577	0.278334	0.221652
HG03774	0.221423	0.278580	0.278341	0.221656
HG03775	0.221432	0.278574	0.278335	0.221659
HG03777	0.221429	0.278580	0.278338	0.221653
HG03778	0.221437	0.278574	0.278332	0.221656
HG03779	0.221432	0.278580	0.278334	0.221654
HG03780	0.221439	0.278569	0.278334	0.221658
HG03781	0.221430	0.278580	0.278339	0.221651
HG03782	0.221439	0.278573	0.278329	0.221658
HG03784	0.221433	0.278578	0.278337	0.221652
HG03785	0.221433	0.278576	0.278334	0.221657
HG03786	0.221437	0.278573	0.278334	0.221657
HG03787	0.221436	0.278577	0.278329	0.221657
HG03788	0.221432	0.278573	0.278337	0.221659
HG03789	0.221435	0.278574	0.278337	0.221654
HG03790	0.221436	0.278573	0.278333	0.221659
HG03792	0.221430	0.278576	0.278337	0.221657
HG03793	0.221434	0.278578	0.278337	0.221651
HG03796	0.221432	0.278579	0.278335	0.221654
HG03800	0.221429	0.278577	0.278339	0.221655
HG03802	0.221430	0.278581	0.278338	0.221651
HG03803	0.221431	0.278576	0.278344	0.221649
HG03805	0.221436	0.278573	0.278333	0.221658
HG03808	0.221431	0.278578	0.278331	0.221660
HG03809	0.221430	0.278580	0.278341	0.221649
HG03812	0.221432	0.278578	0.278339	0.221652
HG03814	0.221431	0.278578	0.278333	0.221658
HG03815	0.221432	0.278570	0.278345	0.221654
HG03817	0.221433	0.278578	0.278332	0.221657
HG03821	0.221428	0.278577	0.278339	0.221656
HG03823	0.221428	0.278583	0.278335	0.221653
HG03824	0.221427	0.278582	0.278344	0.221647
HG03826	0.221425	0.278580	0.278340	0.221655
HG03829	0.221431	0.278586	0.278339	0.221644
HG03830	0.221431	0.278569	0.278339	0.221662
HG03832	0.221426	0.278582	0.278343	0.221649
HG03833	0.221427	0.278581	0.278341	0.221651
HG03836	0.221439	0.278570	0.278332	0.221659
HG03837	0.221431	0.278579	0.278334	0.221656
HG03838	0.221436	0.278574	0.278332	0.221658
HG03844	0.221437	0.278572	0.278331	0.221660
HG03846	0.221436	0.278577	0.278332	0.221655
HG03848	0.221428	0.278578	0.278341	0.221654
HG03849	0.221432	0.278576	0.278335	0.221657
HG03850	0.221428	0.278574	0.278338	0.221660
HG03851	0.221434	0.278576	0.278333	0.221656
HG03854	0.221423	0.278582	0.278340	0.221655
HG03856	0.221431	0.278576	0.278338	0.221655
HG03857	0.221430	0.278573	0.278338	0.221659
HG03858	0.221431	0.278579	0.278339	0.221652
HG03861	0.221429	0.278576	0.278340	0.221654
HG03862	0.221436	0.278578	0.278331	0.221655
HG03863	0.221436	0.278576	0.278332	0.221656
HG03864	0.221438	0.278574	0.278333	0.221655
HG03866	0.221432	0.278578	0.278335	0.221654
HG03867	0.221434	0.278579	0.278340	0.221648
HG03868	0.221439	0.278575	0.278330	0.221656
HG03869	0.221436	0.278577	0.278335	0.221652
HG03870	0.221434	0.278577	0.278335	0.221654
HG03871	0.221428	0.278590	0.278338	0.221645
HG03872	0.221436	0.278574	0.278330	0.221659
HG03873	0.221428	0.278580	0.278343	0.221649
HG03874	0.221432	0.278570	0.278338	0.221660
HG03875	0.221435	0.278574	0.278333	0.221658
HG03882	0.221430	0.278574	0.278336	0.221660
HG03884	0.221439	0.278571	0.278329	0.221660
HG03885	0.221428	0.278577	0.278336	0.221659
HG03886	0.221431	0.278577	0.278336	0.221656
HG03887	0.221437	0.278576	0.278332	0.221655
HG03888	0.221438	0.278571	0.278327	0.221664
HG03890	0.221430	0.278580	0.278336	0.221654
HG03894	0.221435	0.278573	0.278334	0.221658
HG03895	0.221438	0.278576	0.278329	0.221657
HG03896	0.221437	0.278572	0.278334	0.221658
HG03897	0.221435	0.278573	0.278332	0.221659
HG03898	0.221435	0.278573	0.278335	0.221657
HG03899	0.221435	0.278574	0.278332	0.221659
HG03900	0.221427	0.278581	0.278337	0.221656
HG03902	0.221432	0.278572	0.278339	0.221657
HG03905	0.221433	0.278574	0.278332	0.221661
HG03907	0.221433	0.278574	0.278338	0.221655
HG03908	0.221438	0.278578	0.278331	0.221653
HG03910	0.221430	0.278578	0.278340	0.221652
HG03911	0.221420	0.278587	0.278345	0.221648
HG03913	0.221430	0.278574	0.278339	0.221657
HG03914	0.221438	0.278570	0.278328	0.221663
HG03916	0.221429	0.278580	0.278342	0.221649
HG03917	0.221433	0.278575	0.278339	0.221653
HG03919	0.221430	0.278576	0.278339	0.221655
HG03920	0.221426	0.278579	0.278341	0.221654
HG03922	0.221431	0.278574	0.278336	0.221660
HG03925	0.221425	0.278581	0.278337	0.221657
HG03926	0.221424	0.278584	0.278347	0.221645
HG03928	0.221435	0.278573	0.278338	0.221654
HG03931	0.221436	0.278579	0.278333	0.221652
HG03934	0.221426	0.278576	0.278340	0.221657
HG03937	0.221427	0.278582	0.278342	0.221649
HG03940	0.221431	0.278575	0.278335	0.221659
HG03941	0.221431	0.278581	0.278335	0.221653
HG03943	0.221433	0.278580	0.278339	0.221648
HG03944	0.221436	0.278566	0.278332	0.221666
HG03945	0.221429	0.278571	0.278337	0.221663
HG03947	0.221435	0.278579	0.278332	0.221654
HG03949	0.221436	0.278577	0.278332	0.221655
HG03950	0.221433	0.278574	0.278334	0.221659
HG03951	0.221426	0.278582	0.278341	0.221651
HG03953	0.221431	0.278574	0.278338	0.221656
HG03955	0.221431	0.278574	0.278335	0.221659
HG03960	0.221434	0.278577	0.278337	0.221652
HG03963	0.221419	0.278589	0.278351	0.221641
HG03965	0.221424	0.278581	0.278348	0.221647
HG03967	0.221431	0.278579	0.278335	0.221655
HG03968	0.221429	0.278571	0.278339	0.221661
HG03969	0.221433	0.278577	0.278334	0.221656
HG03971	0.221436	0.278573	0.278332	0.221659
HG03973	0.221439	0.278575	0.278329	0.221657
HG03974	0.221431	0.278575	0.278338	0.221655
HG03976	0.221425	0.278575	0.278343	0.221657
HG03977	0.221437	0.278577	0.278334	0.221653
HG03978	0.221439	0.278578	0.278331	0.221652
HG03985	0.221427	0.278575	0.278343	0.221655
HG03986	0.221432	0.278576	0.278336	0.221656
HG03989	0.221435	0.278579	0.278330	0.221656
HG03990	0.221429	0.278580	0.278337	0.221654
HG03991	0.221426	0.278579	0.278339	0.221656
HG03995	0.221430	0.278572	0.278340	0.221657
HG03998	0.221432	0.278580	0.278337	0.221651
HG03999	0.221430	0.278576	0.278335	0.221660
HG04001	0.221428	0.278585	0.278339	0.221648
HG04002	0.221417	0.278590	0.278351	0.221642
HG04003	0.221431	0.278572	0.278340	0.221657
HG04006	0.221434	0.278571	0.278332	0.221663
HG04014	0.221430	0.278580	0.278339	0.221652
HG04015	0.221432	0.278575	0.278334	0.221660
HG04017	0.221437	0.278573	0.278333	0.221657
HG04018	0.221432	0.278576	0.278336	0.221655
HG04019	0.221431	0.278576	0.278337	0.221656
HG04020	0.221426	0.278580	0.278339	0.221655
HG04022	0.221438	0.278575	0.278333	0.221654
HG04023	0.221434	0.278579	0.278338	0.221650
HG04025	0.221430	0.278577	0.278339	0.221653
HG04026	0.221436	0.278577	0.278338	0.221649
HG04029	0.221430	0.278577	0.278332	0.221661
HG04033	0.221434	0.278580	0.278332	0.221655
HG04035	0.221433	0.278569	0.278338	0.221660
HG04038	0.221433	0.278575	0.278337	0.221655
HG04039	0.221434	0.278575	0.278335	0.221656
HG04042	0.221428	0.278576	0.278340	0.221656
HG04047	0.221432	0.278578	0.278335	0.221655
HG04054	0.221430	0.278579	0.278338	0.221653
HG04056	0.221433	0.278576	0.278336	0.221655
HG04059	0.221427	0.278578	0.278339	0.221656
HG04060	0.221434	0.278577	0.278338	0.221651
HG04061	0.221432	0.278574	0.278339	0.221654
HG04062	0.221434	0.278574	0.278334	0.221658
HG04063	0.221436	0.278575	0.278333	0.221656
HG04070	0.221431	0.278575	0.278338	0.221656
HG04075	0.221433	0.278581	0.278333	0.221654
HG04076	0.221429	0.278580	0.278341	0.221650
HG04080	0.221436	0.278572	0.278333	0.221659
HG04090	0.221428	0.278573	0.278335	0.221664
HG04093	0.221430	0.278579	0.278339	0.221651
HG04094	0.221439	0.278577	0.278331	0.221653
HG04096	0.221430	0.278579	0.278337	0.221654
HG04098	0.221437	0.278576	0.278334	0.221653
HG04099	0.221435	0.278574	0.278333	0.221658
HG04100	0.221431	0.278576	0.278333	0.221660
HG04106	0.221434	0.278579	0.278337	0.221649
HG04107	0.221431	0.278577	0.278336	0.221656
HG04118	0.221439	0.278573	0.278331	0.221657
HG04131	0.221416	0.278595	0.278352	0.221637
HG04134	0.221429	0.278578	0.278340	0.221653
HG04140	0.221421	0.278585	0.278346	0.221648
HG04141	0.221434	0.278577	0.278334	0.221656
HG04144	0.221437	0.278574	0.278331	0.221659
HG04146	0.221434	0.278578	0.278338	0.221651
HG04152	0.221433	0.278579	0.278336	0.221652
HG04153	0.221425	0.278578	0.278340	0.221656
HG04155	0.221430	0.278579	0.278336	0.221655
HG04156	0.221427	0.278580	0.278344	0.221649
HG04158	0.221428	0.278583	0.278341	0.221648
HG04159	0.221427	0.278581	0.278340	0.221652
HG04161	0.221433	0.278580	0.278335	0.221651
HG04162	0.221430	0.278579	0.278337	0.221654
HG04164	0.221430	0.278579	0.278337	0.221653
HG04171	0.221428	0.278580	0.278339	0.221653
HG04173	0.221431	0.278577	0.278336	0.221656
HG04176	0.221424	0.278582	0.278345	0.221650
HG04177	0.221428	0.278578	0.278342	0.221652
HG04180	0.221432	0.278581	0.278334	0.221653
HG04182	0.221426	0.278582	0.278345	0.221647
HG04183	0.221427	0.278573	0.278341	0.221659
HG04185	0.221426	0.278586	0.278341	0.221646
HG04186	0.221428	0.278574	0.278338	0.221660
HG04188	0.221429	0.278584	0.278337	0.221650
HG04189	0.221435	0.278575	0.278337	0.221653
HG04194	0.221428	0.278582	0.278339	0.221651
HG04195	0.221429	0.278578	0.278337	0.221655
HG04198	0.221429	0.278584	0.278339	0.221649
HG04200	0.221432	0.278574	0.278339	0.221654
HG04202	0.221434	0.278579	0.278335	0.221652
HG04206	0.221429	0.278578	0.278339	0.221653
HG04209	0.221432	0.278576	0.278339	0.221654
HG04210	0.221433	0.278576	0.278335	0.221657
HG04211	0.221434	0.278578	0.278334	0.221655
HG04212	0.221436	0.278580	0.278332	0.221652
HG04214	0.221430	0.278573	0.278341	0.221657
HG04216	0.221433	0.278579	0.278332	0.221657
HG04219	0.221439	0.278574	0.278332	0.221655
HG04222	0.221433	0.278576	0.278334	0.221656
HG04225	0.221434	0.278568	0.278336	0.221662
HG04227	0.221432	0.278575	0.278339	0.221654
HG04229	0.221433	0.278575	0.278333	0.221659
HG04235	0.221432	0.278576	0.278340	0.221653
HG04238	0.221431	0.278573	0.278339	0.221657
HG04239	0.221431	0.278580	0.278336	0.221653
NA06984	0.221434	0.278573	0.278334	0.221660
NA06985	0.221435	0.278574	0.278333	0.221658
NA06986	0.221439	0.278578	0.278331	0.221653
NA06989	0.221438	0.278567	0.278333	0.221662
NA06994	0.221437	0.278572	0.278332	0.221659
NA07000	0.221437	0.278572	0.278331	0.221660
NA07037	0.221433	0.278575	0.278336	0.221655
NA07048	0.221439	0.278569	0.278333	0.221660
NA07051	0.221433	0.278579	0.278332	0.221655
NA07056	0.221438	0.278576	0.278329	0.221657
NA07347	0.221442	0.278573	0.278325	0.221660
NA07357	0.221429	0.278576	0.278334	0.221660
NA10847	0.221434	0.278573	0.278332	0.221661
NA10851	0.221434	0.278575	0.278329	0.221662
NA11829	0.221436	0.278574	0.278332	0.221658
NA11830	0.221432	0.278575	0.278335	0.221658
NA11831	0.221438	0.278570	0.278331	0.221661
NA11832	0.221437	0.278571	0.278331	0.221662
NA11840	0.221436	0.278575	0.278329	0.221660
NA11843	0.221435	0.278577	0.278330	0.221657
NA11881	0.221435	0.278576	0.278329	0.221660
NA11892	0.221437	0.278574	0.278328	0.221661
NA11893	0.221438	0.278575	0.278328	0.221659
NA11894	0.221439	0.278574	0.278326	0.221662
NA11918	0.221435	0.278572	0.278334	0.221659
NA11919	0.221432	0.278578	0.278331	0.221659
NA11920	0.221437	0.278575	0.278330	0.221658
NA11930	0.221438	0.278572	0.278333	0.221657
NA11931	0.221436	0.278574	0.278332	0.221658
NA11932	0.221437	0.278574	0.278333	0.221656
NA11933	0.221433	0.278573	0.278332	0.221662
NA11992	0.221442	0.278570	0.278333	0.221655
NA11994	0.221438	0.278571	0.278330	0.221660
NA11995	0.221437	0.278576	0.278333	0.221654
NA12003	0.221440	0.278573	0.278329	0.221659
NA12004	0.221436	0.278573	0.278333	0.221658
NA12005	0.221436	0.278575	0.278332	0.221657
NA12006	0.221438	0.278570	0.278331	0.221661
NA12043	0.221439	0.278571	0.278331	0.221658
NA12044	0.221435	0.278572	0.278335	0.221658
NA12045	0.221441	0.278569	0.278328	0.221663
NA12046	0.221439	0.278570	0.278325	0.221666
NA12058	0.221434	0.278571	0.278332	0.221663
NA12144	0.221434	0.278576	0.278336	0.221654
NA12154	0.221433	0.278572	0.278337	0.221658
NA12155	0.221440	0.278574	0.278327	0.221659
NA12156	0.221433	0.278570	0.278335	0.221661
NA12234	0.221441	0.278571	0.278331	0.221657
NA12249	0.221440	0.278577	0.278329	0.221655
NA12272	0.221438	0.278573	0.278332	0.221658
NA12273	0.221433	0.278571	0.278332	0.221664
NA12275	0.221440	0.278571	0.278332	0.221658
NA12282	0.221437	0.278568	0.278332	0.221663
NA12283	0.221436	0.278571	0.278331	0.221662
NA12286	0.221440	0.278572	0.278328	0.221660
NA12287	0.221434	0.278579	0.278328	0.221659
NA12340	0.221437	0.278572	0.278331	0.221660
NA12341	0.221440	0.278568	0.278327	0.221665
NA12342	0.221437	0.278574	0.278328	0.221660
NA12347	0.221437	0.278573	0.278333	0.221657
NA12348	0.221440	0.278571	0.278328	0.221661
NA12383	0.221444	0.278571	0.278326	0.221659
NA12399	0.221438	0.278570	0.278333	0.221659
NA12400	0.221438	0.278575	0.278328	0.221660
NA12413	0.221437	0.278577	0.278331	0.221655
NA12414	0.221444	0.278567	0.278324	0.221664
NA12489	0.221441	0.278574	0.278331	0.221654
NA12546	0.221439	0.278577	0.278327	0.221656
NA12716	0.221436	0.278567	0.278330	0.221667
NA12717	0.221440	0.278570	0.278329	0.221661
NA12718	0.221437	0.278572	0.278334	0.221657
NA12748	0.221432	0.278576	0.278334	0.221659
NA12749	0.221437	0.278574	0.278332	0.221657
NA12750	0.221434	0.278571	0.278331	0.221664
NA12751	0.221437	0.278570	0.278329	0.221664
NA12760	0.221436	0.278571	0.278327	0.221666
NA12761	0.221435	0.278575	0.278333	0.221656
NA12762	0.221435	0.278573	0.278332	0.221660
NA12763	0.221434	0.278574	0.278333	0.221658
NA12775	0.221439	0.278572	0.278329	0.221659
NA12776	0.221439	0.278571	0.278332	0.221658
NA12777	0.221439	0.278574	0.278329	0.221658
NA12778	0.221441	0.278570	0.278332	0.221658
NA12812	0.221440	0.278576	0.278326	0.221658
NA12813	0.221438	0.278570	0.278330	0.221662
NA12814	0.221436	0.278573	0.278330	0.221661
NA12815	0.221433	0.278576	0.278336	0.221656
NA12827	0.221435	0.278579	0.278336	0.221650
NA12828	0.221435	0.278574	0.278331	0.221660
NA12829	0.221438	0.278574	0.278329	0.221659
NA12830	0.221435	0.278572	0.278331	0.221662
NA12842	0.221437	0.278574	0.278330	0.221659
NA12843	0.221430	0.278582	0.278334	0.221654
NA12872	0.221437	0.278575	0.278332	0.221657
NA12873	0.221432	0.278573	0.278335	0.221660
NA12874	0.221436	0.278573	0.278329	0.221661
NA12878	0.221433	0.278579	0.278332	0.221656
NA12889	0.221437	0.278569	0.278328	0.221665
NA12890	0.221440	0.278574	0.278332	0.221655
NA18486	0.221633	0.278375	0.278136	0.221855
NA18488	0.221618	0.278374	0.278150	0.221859
NA18489	0.221621	0.278376	0.278151	0.221853
NA18498	0.221635	0.278373	0.278125	0.221867
NA18499	0.221620	0.278377	0.278147	0.221855
NA18501	0.221621	0.278379	0.278151	0.221849
NA18502	0.221637	0.278374	0.278137	0.221852
NA18504	0.221632	0.278371	0.278137	0.221860
NA18505	0.221626	0.278371	0.278151	0.221851
NA18507	0.221636	0.278384	0.278133	0.221847
NA18508	0.221640	0.278370	0.278130	0.221860
NA18510	0.221642	0.278382	0.278132	0.221845
NA18511	0.221618	0.278370	0.278150	0.221862
NA18516	0.221622	0.278382	0.278148	0.221848
NA18517	0.221633	0.278382	0.278142	0.221843
NA18519	0.221625	0.278364	0.278148	0.221863
NA18520	0.221629	0.278386	0.278138	0.221846
NA18522	0.221633	0.278383	0.278138	0.221846
NA18523	0.221632	0.278375	0.278140	0.221854
NA18525	0.221412	0.278596	0.278359	0.221632
NA18526	0.221412	0.278593	0.278357	0.221638
NA18528	0.221417	0.278594	0.278354	0.221634
NA18530	0.221411	0.278596	0.278360	0.221633
NA18531	0.221412	0.278597	0.278353	0.221638
NA18532	0.221413	0.278594	0.278356	0.221637
NA18533	0.221413	0.278600	0.278355	0.221632
NA18534	0.221415	0.278594	0.278355	0.221637
NA18535	0.221416	0.278590	0.278356	0.221638
NA18536	0.221413	0.278597	0.278354	0.221636
NA18537	0.221408	0.278601	0.278360	0.221631
NA18538	0.221413	0.278589	0.278354	0.221643
NA18539	0.221408	0.278593	0.278360	0.221639
NA18541	0.221412	0.278594	0.278354	0.221640
NA18542	0.221414	0.278595	0.278353	0.221638
NA18543	0.221414	0.278595	0.278357	0.221635
NA18544	0.221404	0.278600	0.278366	0.221629
NA18545	0.221408	0.278595	0.278360	0.221637
NA18546	0.221414	0.278595	0.278355	0.221636
NA18547	0.221411	0.278593	0.278356	0.221640
NA18548	0.221412	0.278592	0.278358	0.221638
NA18549	0.221414	0.278596	0.278353	0.221637
NA18550	0.221413	0.278592	0.278358	0.221637
NA18552	0.221412	0.278596	0.278357	0.221635
NA18553	0.221413	0.278595	0.278355	0.221638
NA18555	0.221411	0.278598	0.278357	0.221635
NA18557	0.221412	0.278594	0.278359	0.221635
NA18558	0.221409	0.278592	0.278357	0.221643
NA18559	0.221410	0.278594	0.278359	0.221637
NA18560	0.221409	0.278596	0.278359	0.221636
NA18561	0.221411	0.278596	0.278361	0.221633
NA18562	0.221416	0.278595	0.278353	0.221636
NA18563	0.221407	0.278601	0.278363	0.221629
NA18564	0.221415	0.278596	0.278354	0.221634
NA18565	0.221412	0.278595	0.278355	0.221637
NA18566	0.221412	0.278596	0.278361	0.221631
NA18567	0.221416	0.278597	0.278353	0.221634
NA18570	0.221409	0.278599	0.278360	0.221632
NA18571	0.221415	0.278595	0.278355	0.221635
NA18572	0.221412	0.278595	0.278355	0.221638
NA18573	0.221412	0.278594	0.278358	0.221635
NA18574	0.221414	0.278597	0.278352	0.221637
NA18577	0.221413	0.278592	0.278357	0.221638
NA18579	0.221411	0.278596	0.278356	0.221637
NA18582	0.221408	0.278597	0.278363	0.221632
NA18591	0.221414	0.278598	0.278356	0.221632
NA18592	0.221412	0.278596	0.278355	0.221637
NA18593	0.221413	0.278592	0.278354	0.221641
NA18595	0.221413	0.278594	0.278355	0.221638
NA18596	0.221410	0.278596	0.278357	0.221637
NA18597	0.221418	0.278594	0.278355	0.221634
NA18599	0.221406	0.278598	0.278361	0.221634
NA18602	0.221413	0.278595	0.278359	0.221633
NA18603	0.221413	0.278593	0.278354	0.221640
NA18605	0.221414	0.278593	0.278356	0.221637
NA18606	0.221408	0.278595	0.278364	0.221633
NA18608	0.221399	0.278599	0.278369	0.221633
NA18609	0.221411	0.278591	0.278357	0.221641
NA18610	0.221415	0.278593	0.278354	0.221638
NA18611	0.221416	0.278596	0.278352	0.221636
NA18612	0.221413	0.278597	0.278355	0.221636
NA18613	0.221409	0.278596	0.278360	0.221635
NA18614	0.221408	0.278598	0.278358	0.221635
NA18615	0.221415	0.278595	0.278352	0.221638
NA18616	0.221409	0.278597	0.278358	0.221636
NA18617	0.221411	0.278598	0.278363	0.221628
NA18618	0.221415	0.278593	0.278356	0.221637
NA18619	0.221409	0.278595	0.278361	0.221634
NA18620	0.221402	0.278611	0.278368	0.221619
NA18621	0.221412	0.278596	0.278356	0.221636
NA18622	0.221409	0.278595	0.278360	0.221637
NA18623	0.221411	0.278592	0.278359	0.221639
NA18624	0.221415	0.278595	0.278355	0.221635
NA18625	0.221411	0.278597	0.278360	0.221632
NA18626	0.221413	0.278595	0.278359	0.221632
NA18627	0.221412	0.278594	0.278360	0.221634
NA18628	0.221415	0.278594	0.278357	0.221634
NA18629	0.221414	0.278596	0.278354	0.221636
NA18630	0.221411	0.278592	0.278359	0.221638
NA18631	0.221415	0.278591	0.278356	0.221638
NA18632	0.221411	0.278599	0.278358	0.221631
NA18633	0.221409	0.278590	0.278363	0.221638
NA18634	0.221412	0.278594	0.278360	0.221633
NA18635	0.221414	0.278595	0.278354	0.221638
NA18636	0.221410	0.278595	0.278357	0.221637
NA18637	0.221408	0.278596	0.278359	0.221636
NA18638	0.221410	0.278598	0.278359	0.221633
NA18639	0.221407	0.278597	0.278358	0.221638
NA18640	0.221414	0.278596	0.278357	0.221633
NA18641	0.221410	0.278592	0.278358	0.221640
NA18642	0.221416	0.278594	0.278353	0.221637
NA18643	0.221411	0.278598	0.278357	0.221634
NA18644	0.221410	0.278597	0.278362	0.221631
NA18645	0.221408	0.278596	0.278360	0.221635
NA18646	0.221407	0.278597	0.278361	0.221635
NA18647	0.221412	0.278595	0.278357	0.221636
NA18648	0.221413	0.278596	0.278356	0.221635
NA18740	0.221412	0.278592	0.278353	0.221643
NA18745	0.221413	0.278597	0.278357	0.221633
NA18747	0.221413	0.278594	0.278355	0.221638
NA18748	0.221413	0.278594	0.278359	0.221634
NA18749	0.221411	0.278593	0.278358	0.221637
NA18757	0.221412	0.278593	0.278357	0.221638
NA18853	0.221635	0.278376	0.278140	0.221849
NA18856	0.221633	0.278373	0.278143	0.221850
NA18858	0.221635	0.278366	0.278141	0.221858
NA18861	0.221633	0.278378	0.278141	0.221847
NA18864	0.221634	0.278368	0.278134	0.221863
NA18865	0.221634	0.278384	0.278133	0.221850
NA18867	0.221636	0.278381	0.278137	0.221846
NA18868	0.221629	0.278371	0.278143	0.221857
NA18870	0.221646	0.278377	0.278123	0.221853
NA18871	0.221625	0.278377	0.278142	0.221857
NA18873	0.221626	0.278382	0.278137	0.221855
NA18874	0.221640	0.278377	0.278141	0.221842
NA18876	0.221632	0.278374	0.278139	0.221855
NA18877	0.221638	0.278363	0.278139	0.221860
NA18878	0.221626	0.278379	0.278145	0.221849
NA18879	0.221644	0.278376	0.278126	0.221854
NA18881	0.221621	0.278376	0.278147	0.221855
NA18907	0.221636	0.278379	0.278136	0.221850
NA18908	0.221635	0.278358	0.278135	0.221872
NA18909	0.221629	0.278386	0.278139	0.221846
NA18910	0.221624	0.278368	0.278152	0.221856
NA18912	0.221627	0.278377	0.278143	0.221853
NA18915	0.221629	0.278377	0.278149	0.221846
NA18916	0.221628	0.278391	0.278142	0.221840
NA18917	0.221634	0.278380	0.278135	0.221852
NA18923	0.221645	0.278376	0.278129	0.221850
NA18924	0.221636	0.278382	0.278125	0.221857
NA18933	0.221637	0.278383	0.278135	0.221845
NA18934	0.221640	0.278374	0.278135	0.221851
NA18939	0.221409	0.278598	0.278356	0.221637
NA18940	0.221416	0.278591	0.278359	0.221634
NA18941	0.221411	0.278594	0.278359	0.221635
NA18942	0.221410	0.278600	0.278356	0.221634
NA18943	0.221412	0.278591	0.278357	0.221639
NA18944	0.221413	0.278588	0.278356	0.221643
NA18945	0.221408	0.278593	0.278358	0.221641
NA18946	0.221404	0.278599	0.278367	0.221630
NA18947	0.221412	0.278596	0.278356	0.221636
NA18948	0.221415	0.278596	0.278354	0.221635
NA18949	0.221408	0.278597	0.278363	0.221633
NA18950	0.221415	0.278594	0.278354	0.221637
NA18951	0.221409	0.278603	0.278357	0.221630
NA18952	0.221412	0.278597	0.278356	0.221635
NA18953	0.221402	0.278595	0.278364	0.221639
NA18954	0.221410	0.278596	0.278359	0.221635
NA18956	0.221413	0.278594	0.278355	0.221638
NA18957	0.221411	0.278586	0.278356	0.221647
NA18959	0.221411	0.278597	0.278358	0.221635
NA18960	0.221413	0.278592	0.278357	0.221638
NA18961	0.221410	0.278595	0.278356	0.221640
NA18962	0.221411	0.278595	0.278359	0.221635
NA18963	0.221415	0.278592	0.278358	0.221636
NA18964	0.221408	0.278594	0.278358	0.221640
NA18965	0.221410	0.278593	0.278362	0.221635
NA18966	0.221413	0.278600	0.278355	0.221632
NA18967	0.221404	0.278596	0.278364	0.221636
NA18968	0.221416	0.278597	0.278354	0.221633
NA18969	0.221411	0.278600	0.278354	0.221635
NA18970	0.221412	0.278595	0.278360	0.221633
NA18971	0.221413	0.278595	0.278354	0.221637
NA18972	0.221411	0.278587	0.278361	0.221640
NA18973	0.221415	0.278595	0.278355	0.221636
NA18974	0.221408	0.278597	0.278359	0.221636
NA18975	0.221408	0.278595	0.278365	0.221633
NA18976	0.221414	0.278593	0.278357	0.221637
NA18977	0.221414	0.278587	0.278358	0.221641
NA18978	0.221414	0.278596	0.278357	0.221633
NA18979	0.221412	0.278595	0.278359	0.221634
NA18980	0.221407	0.278593	0.278362	0.221637
NA18981	0.221411	0.278590	0.278360	0.221639
NA18982	0.221410	0.278590	0.278362	0.221638
NA18983	0.221404	0.278596	0.278363	0.221637
NA18984	0.221415	0.278595	0.278355	0.221635
NA18985	0.221409	0.278597	0.278360	0.221634
NA18986	0.221412	0.278593	0.278356	0.221639
NA18987	0.221415	0.278595	0.278355	0.221635
NA18988	0.221408	0.278599	0.278363	0.221630
NA18989	0.221414	0.278594	0.278355	0.221637
NA18990	0.221412	0.278592	0.278358	0.221638
NA18991	0.221417	0.278589	0.278357	0.221636
NA18992	0.221412	0.278600	0.278356	0.221632
NA18993	0.221413	0.278596	0.278352	0.221639
NA18994	0.221411	0.278595	0.278356	0.221638
NA18995	0.221411	0.278591	0.278360	0.221637
NA18997	0.221415	0.278597	0.278356	0.221632
NA18998	0.221411	0.278593	0.278357	0.221638
NA18999	0.221409	0.278600	0.278358	0.221633
NA19000	0.221414	0.278600	0.278352	0.221634
NA19001	0.221408	0.278595	0.278360	0.221637
NA19002	0.221413	0.278592	0.278356	0.221639
NA19003	0.221411	0.278594	0.278361	0.221635
NA19004	0.221408	0.278600	0.278358	0.221634
NA19005	0.221409	0.278589	0.278362	0.221641
NA19006	0.221407	0.278600	0.278361	0.221632
NA19007	0.221413	0.278596	0.278355	0.221635
NA19009	0.221411	0.278592	0.278360	0.221637
NA19010	0.221412	0.278592	0.278357	0.221639
NA19011	0.221414	0.278598	0.278360	0.221628
NA19012	0.221411	0.278595	0.278364	0.221629
NA19017	0.221627	0.278379	0.278138	0.221856
NA19019	0.221639	0.278371	0.278136	0.221853
NA19020	0.221635	0.278375	0.278139	0.221851
NA19023	0.221628	0.278380	0.278139	0.221853
NA19024	0.221625	0.278374	0.278146	0.221855
NA19025	0.221628	0.278380	0.278147	0.221845
NA19026	0.221632	0.278388	0.278143	0.221836
NA19027	0.221632	0.278388	0.278137	0.221843
NA19028	0.221629	0.278393	0.278138	0.221841
NA19030	0.221629	0.278373	0.278140	0.221857
NA19031	0.221629	0.278382	0.278143	0.221846
NA19035	0.221629	0.278385	0.278138	0.221848
NA19036	0.221639	0.278379	0.278136	0.221846
NA19037	0.221621	0.278392	0.278147	0.221840
NA19038	0.221630	0.278381	0.278137	0.221852
NA19041	0.221623	0.278386	0.278140	0.221851
NA19042	0.221621	0.278386	0.278145	0.221848
NA19043	0.221634	0.278384	0.278132	0.221849
NA19054	0.221411	0.278592	0.278361	0.221636
NA19055	0.221410	0.278598	0.278360	0.221633
NA19056	0.221414	0.278595	0.278355	0.221636
NA19057	0.221414	0.278596	0.278356	0.221634
NA19058	0.221411	0.278596	0.278358	0.221636
NA19059	0.221409	0.278599	0.278358	0.221634
NA19060	0.221417	0.278589	0.278356	0.221637
NA19062	0.221414	0.278593	0.278358	0.221635
NA19063	0.221412	0.278600	0.278353	0.221635
NA19064	0.221413	0.278592	0.278359	0.221636
NA19065	0.221410	0.278593	0.278359	0.221638
NA19066	0.221412	0.278595	0.278358	0.221635
NA19067	0.221416	0.278592	0.278356	0.221636
NA19068	0.221409	0.278597	0.278360	0.221634
NA19070	0.221408	0.278593	0.278364	0.221635
NA19072	0.221408	0.278593	0.278363	0.221636
NA19074	0.221412	0.278593	0.278359	0.221636
NA19075	0.221406	0.278596	0.278366	0.221632
NA19076	0.221411	0.278596	0.278358	0.221635
NA19077	0.221410	0.278593	0.278360	0.221637
NA19078	0.221409	0.278597	0.278361	0.221633
NA19079	0.221413	0.278599	0.278356	0.221632
NA19080	0.221412	0.278593	0.278358	0.221637
NA19081	0.221413	0.278593	0.278354	0.221641
NA19082	0.221406	0.278594	0.278365	0.221635
NA19083	0.221416	0.278597	0.278354	0.221632
NA19084	0.221411	0.278598	0.278360	0.221632
NA19085	0.221408	0.278595	0.278360	0.221637
NA19086	0.221410	0.278596	0.278356	0.221637
NA19087	0.221414	0.278588	0.278357	0.221641
NA19088	0.221409	0.278594	0.278361	0.221636
NA19089	0.221417	0.278595	0.278355	0.221633
NA19090	0.221411	0.278592	0.278360	0.221637
NA19091	0.221410	0.278594	0.278358	0.221638
NA19092	0.221642	0.278371	0.278132	0.221856
NA19093	0.221636	0.278378	0.278137	0.221850
NA19095	0.221638	0.278373	0.278133	0.221856
NA19096	0.221635	0.278373	0.278133	0.221859
NA19098	0.221632	0.278385	0.278135	0.221849
NA19099	0.221626	0.278384	0.278140	0.221850
NA19102	0.221623	0.278375	0.278153	0.221848
NA19107	0.221634	0.278376	0.278135	0.221855
NA19108	0.221626	0.278381	0.278140	0.221853
NA19113	0.221648	0.278379	0.278121	0.221853
NA19114	0.221632	0.278386	0.278134	0.221848
NA19116	0.221632	0.278383	0.278137	0.221849
NA19117	0.221634	0.278367	0.278138	0.221861
NA19118	0.221631	0.278379	0.278138	0.221852
NA19119	0.221629	0.278374	0.278148	0.221849
NA19121	0.221616	0.278382	0.278159	0.221843
NA19129	0.221630	0.278375	0.278142	0.221853
NA19130	0.221632	0.278373	0.278142	0.221852
NA19131	0.221625	0.278379	0.278144	0.221853
NA19137	0.221636	0.278373	0.278136	0.221855
NA19138	0.221624	0.278380	0.278148	0.221849
NA19141	0.221639	0.278374	0.278142	0.221845
NA19143	0.221621	0.278384	0.278147	0.221849
NA19144	0.221627	0.278376	0.278138	0.221858
NA19146	0.221627	0.278371	0.278142	0.221861
NA19147	0.221626	0.278376	0.278137	0.221861
NA19149	0.221639	0.278371	0.278135	0.221855
NA19152	0.221624	0.278370	0.278146	0.221861
NA19153	0.221635	0.278374	0.278138	0.221853
NA19159	0.221633	0.278371	0.278134	0.221862
NA19160	0.221626	0.278385	0.278141	0.221848
NA19171	0.221640	0.278387	0.278130	0.221844
NA19172	0.221622	0.278385	0.278146	0.221847
NA19175	0.221629	0.278373	0.278149	0.221849
NA19184	0.221636	0.278377	0.278135	0.221852
NA19185	0.221630	0.278362	0.278146	0.221862
NA19189	0.221640	0.278376	0.278129	0.221855
NA19190	0.221631	0.278371	0.278139	0.221859
NA19197	0.221639	0.278377	0.278134	0.221851
NA19198	0.221637	0.278380	0.278130	0.221853
NA19200	0.221625	0.278376	0.278146	0.221853
NA19201	0.221635	0.278371	0.278142	0.221852
NA19204	0.221627	0.278389	0.278140	0.221844
NA19206	0.221625	0.278373	0.278139	0.221863
NA19207	0.221624	0.278381	0.278139	0.221856
NA19209	0.221626	0.278383	0.278136	0.221854
NA19210	0.221629	0.278382	0.278141	0.221849
NA19213	0.221634	0.278379	0.278136	0.221851
NA19214	0.221637	0.278380	0.278136	0.221847
NA19222	0.221635	0.278361	0.278141	0.221862
NA19223	0.221636	0.278390	0.278124	0.221850
NA19225	0.221640	0.278373	0.278132	0.221854
NA19235	0.221628	0.278387	0.278139	0.221846
NA19236	0.221627	0.278375	0.278147	0.221851
NA19238	0.221637	0.278375	0.278135	0.221854
NA19239	0.221629	0.278393	0.278132	0.221846
NA19247	0.221641	0.278376	0.278131	0.221853
NA19248	0.221636	0.278378	0.278144	0.221843
NA19256	0.221627	0.278384	0.278147	0.221842
NA19257	0.221624	0.278376	0.278144	0.221856
NA19307	0.221637	0.278382	0.278134	0.221846
NA19308	0.221641	0.278368	0.278133	0.221858
NA19309	0.221643	0.278378	0.278134	0.221845
NA19310	0.221629	0.278374	0.278135	0.221862
NA19312	0.221631	0.278372	0.278144	0.221853
NA19314	0.221622	0.278383	0.278146	0.221849
NA19315	0.221623	0.278397	0.278142	0.221839
NA19316	0.221623	0.278388	0.278149	0.221840
NA19317	0.221634	0.278375	0.278139	0.221853
NA19318	0.221636	0.278388	0.278131	0.221844
NA19319	0.221629	0.278382	0.278138	0.221851
NA19320	0.221641	0.278389	0.278132	0.221838
NA19321	0.221632	0.278380	0.278134	0.221854
NA19323	0.221627	0.278384	0.278142	0.221847
NA19324	0.221637	0.278377	0.278136	0.221850
NA19327	0.221628	0.278378	0.278141	0.221852
NA19328	0.221629	0.278380	0.278138	0.221854
NA19331	0.221629	0.278385	0.278138	0.221848
NA19332	0.221624	0.278384	0.278140	0.221852
NA19334	0.221641	0.278373	0.278133	0.221853
NA19338	0.221622	0.278387	0.278152	0.221839
NA19346	0.221629	0.278385	0.278138	0.221848
NA19347	0.221630	0.278382	0.278143	0.221845
NA19350	0.221641	0.278382	0.278132	0.221846
NA19351	0.221627	0.278374	0.278147	0.221852
NA19355	0.221621	0.278399	0.278142	0.221837
NA19360	0.221631	0.278376	0.278139	0.221854
NA19372	0.221635	0.278380	0.278139	0.221846
NA19374	0.221636	0.278385	0.278130	0.221849
NA19375	0.221623	0.278383	0.278149	0.221846
NA19376	0.221639	0.278373	0.278129	0.221859
NA19377	0.221626	0.278384	0.278139	0.221851
NA19378	0.221632	0.278381	0.278137	0.221849
NA19379	0.221632	0.278380	0.278141	0.221847
NA19380	0.221627	0.278376	0.278142	0.221855
NA19383	0.221623	0.278393	0.278149	0.221835
NA19384	0.221623	0.278378	0.278145	0.221854
NA19385	0.221640	0.278376	0.278132	0.221852
NA19390	0.221626	0.278374	0.278148	0.221853
NA19391	0.221637	0.278372	0.278135	0.221856
NA19393	0.221632	0.278373	0.278133	0.221861
NA19394	0.221627	0.278376	0.278144	0.221852
NA19395	0.221623	0.278380	0.278140	0.221857
NA19397	0.221636	0.278379	0.278131	0.221853
NA19399	0.221646	0.278369	0.278124	0.221862
NA19401	0.221623	0.278375	0.278142	0.221860
NA19403	0.221630	0.278389	0.278136	0.221844
NA19404	0.221625	0.278376	0.278148	0.221852
NA19428	0.221631	0.278382	0.278138	0.221850
NA19429	0.221616	0.278384	0.278149	0.221851
NA19430	0.221633	0.278378	0.278132	0.221858
NA19431	0.221627	0.278380	0.278135	0.221857
NA19434	0.221623	0.278383	0.278146	0.221848
NA19435	0.221634	0.278383	0.278135	0.221848
NA19436	0.221625	0.278386	0.278152	0.221836
NA19437	0.221618	0.278384	0.278157	0.221841
NA19438	0.221642	0.278367	0.278129	0.221862
NA19439	0.221623	0.278383	0.278143	0.221851
NA19440	0.221628	0.278380	0.278146	0.221846
NA19443	0.221634	0.278383	0.278139	0.221844
NA19445	0.221642	0.278380	0.278134	0.221844
NA19446	0.221625	0.278381	0.278140	0.221853
NA19448	0.221622	0.278390	0.278137	0.221851
NA19449	0.221636	0.278370	0.278133	0.221862
NA19451	0.221639	0.278385	0.278135	0.221841
NA19452	0.221630	0.278385	0.278138	0.221848
NA19454	0.221614	0.278383	0.278144	0.221858
NA19455	0.221615	0.278386	0.278145	0.221854
NA19456	0.221634	0.278376	0.278139	0.221852
NA19457	0.221628	0.278381	0.278145	0.221847
NA19461	0.221615	0.278388	0.278155	0.221842
NA19462	0.221616	0.278382	0.278152	0.221850
NA19463	0.221622	0.278380	0.278142	0.221855
NA19466	0.221605	0.278398	0.278163	0.221835
NA19467	0.221629	0.278383	0.278140	0.221848
NA19468	0.221628	0.278388	0.278138	0.221847
NA19471	0.221624	0.278377	0.278140	0.221859
NA19472	0.221627	0.278377	0.278145	0.221850
NA19473	0.221624	0.278386	0.278145	0.221845
NA19474	0.221638	0.278381	0.278132	0.221849
NA19475	0.221629	0.278376	0.278135	0.221859
NA19648	0.221439	0.278571	0.278329	0.221662
NA19649	0.221439	0.278569	0.278324	0.221668
NA19651	0.221439	0.278565	0.278332	0.221664
NA19652	0.221443	0.278569	0.278324	0.221664
NA19654	0.221444	0.278572	0.278326	0.221657
NA19655	0.221444	0.278567	0.278323	0.221666
NA19657	0.221434	0.278578	0.278333	0.221656
NA19658	0.221438	0.278566	0.278330	0.221666
NA19661	0.221439	0.278575	0.278332	0.221655
NA19663	0.221439	0.278568	0.278335	0.221658
NA19664	0.221441	0.278570	0.278331	0.221658
NA19669	0.221434	0.278581	0.278334	0.221651
NA19670	0.221444	0.278568	0.278328	0.221660
NA19676	0.221443	0.278565	0.278326	0.221666
NA19678	0.221449	0.278565	0.278319	0.221666
NA19679	0.221448	0.278562	0.278321	0.221669
NA19681	0.221436	0.278571	0.278334	0.221659
NA19682	0.221435	0.278576	0.278332	0.221657
NA19684	0.221434	0.278572	0.278334	0.221660
NA19716	0.221446	0.278565	0.278325	0.221664
NA19717	0.221440	0.278571	0.278331	0.221657
NA19719	0.221440	0.278566	0.278329	0.221666
NA19720	0.221429	0.278580	0.278336	0.221655
NA19722	0.221437	0.278568	0.278332	0.221663
NA19723	0.221446	0.278565	0.278325	0.221665
NA19725	0.221442	0.278572	0.278326	0.221659
NA19726	0.221437	0.278575	0.278336	0.221652
NA19728	0.221422	0.278589	0.278351	0.221639
NA19729	0.221428	0.278586	0.278343	0.221643
NA19731	0.221422	0.278581	0.278348	0.221649
NA19732	0.221422	0.278589	0.278345	0.221643
NA19734	0.221429	0.278579	0.278341	0.221651
NA19735	0.221423	0.278590	0.278345	0.221641
NA19740	0.221427	0.278577	0.278338	0.221658
NA19741	0.221422	0.278589	0.278344	0.221645
NA19746	0.221439	0.278577	0.278331	0.221653
NA19747	0.221429	0.278581	0.278338	0.221652
NA19749	0.221438	0.278568	0.278330	0.221664
NA19750	0.221439	0.278566	0.278332	0.221664
NA19752	0.221434	0.278573	0.278338	0.221655
NA19755	0.221432	0.278573	0.278334	0.221661
NA19756	0.221441	0.278573	0.278329	0.221657
NA19758	0.221427	0.278585	0.278342	0.221646
NA19759	0.221431	0.278579	0.278334	0.221656
NA19761	0.221439	0.278572	0.278327	0.221662
NA19762	0.221440	0.278564	0.278327	0.221668
NA19764	0.221443	0.278570	0.278328	0.221660
NA19770	0.221442	0.278568	0.278330	0.221660
NA19771	0.221438	0.278569	0.278332	0.221662
NA19773	0.221438	0.278573	0.278328	0.221661
NA19774	0.221440	0.278571	0.278330	0.221659
NA19776	0.221447	0.278564	0.278319	0.221670
NA19777	0.221451	0.278557	0.278315	0.221677
NA19779	0.221438	0.278573	0.278328	0.221660
NA19780	0.221435	0.278569	0.278333	0.221662
NA19782	0.221446	0.278562	0.278323	0.221669
NA19783	0.221424	0.278581	0.278342	0.221652
NA19785	0.221437	0.278576	0.278329	0.221658
NA19786	0.221436	0.278570	0.278332	0.221662
NA19788	0.221434	0.278573	0.278336	0.221658
NA19789	0.221452	0.278559	0.278316	0.221674
NA19792	0.221444	0.278562	0.278327	0.221667
NA19794	0.221438	0.278570	0.278329	0.221663
NA19795	0.221439	0.278570	0.278324	0.221667
NA20502	0.221438	0.278567	0.278335	0.221660
NA20503	0.221435	0.278572	0.278333	0.221660
NA20504	0.221440	0.278569	0.278329	0.221662
NA20505	0.221445	0.278569	0.278322	0.221664
NA20506	0.221436	0.278573	0.278330	0.221661
NA20507	0.221442	0.278568	0.278328	0.221662
NA20508	0.221436	0.278574	0.278329	0.221662
NA20509	0.221434	0.278568	0.278332	0.221666
NA20510	0.221439	0.278573	0.278328	0.221660
NA20511	0.221435	0.278576	0.278334	0.221655
NA20512	0.221437	0.278568	0.278332	0.221663
NA20513	0.221443	0.278570	0.278328	0.221659
NA20514	0.221442	0.278568	0.278324	0.221666
NA20515	0.221436	0.278573	0.278334	0.221657
NA20516	0.221437	0.278571	0.278332	0.221660
NA20517	0.221434	0.278571	0.278333	0.221662
NA20518	0.221438	0.278571	0.278330	0.221662
NA20519	0.221442	0.278566	0.278329	0.221663
NA20520	0.221440	0.278577	0.278326	0.221657
NA20521	0.221442	0.278564	0.278330	0.221664
NA20522	0.221435	0.278574	0.278333	0.221657
NA20524	0.221437	0.278568	0.278329	0.221666
NA20525	0.221436	0.278570	0.278328	0.221665
NA20527	0.221437	0.278565	0.278328	0.221670
NA20528	0.221436	0.278570	0.278330	0.221664
NA20529	0.221430	0.278570	0.278337	0.221663
NA20530	0.221439	0.278574	0.278329	0.221658
NA20531	0.221440	0.278573	0.278328	0.221659
NA20532	0.221438	0.278572	0.278329	0.221661
NA20533	0.221438	0.278570	0.278334	0.221658
NA20534	0.221446	0.278569	0.278330	0.221655
NA20535	0.221435	0.278571	0.278333	0.221661
NA20536	0.221437	0.278571	0.278333	0.221658
NA20538	0.221435	0.278573	0.278330	0.221662
NA20539	0.221438	0.278574	0.278328	0.221660
NA20540	0.221444	0.278574	0.278323	0.221659
NA20541	0.221441	0.278579	0.278328	0.221652
NA20542	0.221446	0.278571	0.278325	0.221658
NA20543	0.221438	0.278570	0.278328	0.221664
NA20544	0.221437	0.278570	0.278335	0.221658
NA20581	0.221437	0.278570	0.278332	0.221661
NA20582	0.221437	0.278570	0.278332	0.221660
NA20585	0.221437	0.278572	0.278328	0.221663
NA20586	0.221439	0.278565	0.278330	0.221665
NA20587	0.221436	0.278568	0.278327	0.221668
NA20588	0.221437	0.278570	0.278331	0.221662
NA20589	0.221433	0.278571	0.278335	0.221661
NA20752	0.221435	0.278575	0.278330	0.221660
NA20753	0.221437	0.278572	0.278334	0.221657
NA20754	0.221439	0.278573	0.278328	0.221660
NA20755	0.221438	0.278574	0.278329	0.221659
NA20756	0.221441	0.278570	0.278328	0.221661
NA20757	0.221434	0.278572	0.278336	0.221658
NA20758	0.221434	0.278572	0.278332	0.221663
NA20759	0.221440	0.278564	0.278330	0.221666
NA20760	0.221438	0.278565	0.278330	0.221667
NA20761	0.221439	0.278571	0.278331	0.221660
NA20762	0.221442	0.278563	0.278328	0.221667
NA20763	0.221437	0.278565	0.278330	0.221668
NA20764	0.221442	0.278571	0.278324	0.221663
NA20765	0.221439	0.278568	0.278328	0.221665
NA20766	0.221441	0.278570	0.278326	0.221663
NA20767	0.221441	0.278567	0.278329	0.221663
NA20768	0.221440	0.278570	0.278329	0.221661
NA20769	0.221435	0.278576	0.278331	0.221659
NA20770	0.221437	0.278576	0.278332	0.221655
NA20771	0.221441	0.278569	0.278329	0.221661
NA20772	0.221441	0.278571	0.278326	0.221662
NA20773	0.221435	0.278577	0.278329	0.221659
NA20774	0.221443	0.278569	0.278328	0.221660
NA20775	0.221437	0.278565	0.278333	0.221665
NA20778	0.221441	0.278574	0.278326	0.221660
NA20783	0.221438	0.278567	0.278331	0.221665
NA20785	0.221441	0.278567	0.278328	0.221664
NA20786	0.221440	0.278569	0.278326	0.221664
NA20787	0.221443	0.278572	0.278325	0.221661
NA20790	0.221436	0.278573	0.278333	0.221657
NA20792	0.221433	0.278573	0.278333	0.221660
NA20795	0.221435	0.278570	0.278333	0.221662
NA20796	0.221440	0.278569	0.278328	0.221663
NA20797	0.221435	0.278575	0.278333	0.221657
NA20798	0.221444	0.278569	0.278325	0.221662
NA20799	0.221436	0.278567	0.278334	0.221662
NA20800	0.221441	0.278565	0.278324	0.221669
NA20801	0.221439	0.278572	0.278327	0.221662
NA20802	0.221440	0.278576	0.278323	0.221662
NA20803	0.221435	0.278565	0.278335	0.221666
NA20804	0.221435	0.278576	0.278328	0.221662
NA20805	0.221440	0.278575	0.278326	0.221660
NA20806	0.221437	0.278571	0.278332	0.221660
NA20807	0.221437	0.278573	0.278331	0.221659
NA20808	0.221441	0.278572	0.278330	0.221657
NA20809	0.221436	0.278570	0.278330	0.221664
NA20810	0.221439	0.278568	0.278330	0.221664
NA20811	0.221443	0.278565	0.278329	0.221663
NA20812	0.221435	0.278571	0.278335	0.221659
NA20813	0.221436	0.278565	0.278329	0.221669
NA20814	0.221440	0.278568	0.278324	0.221668
NA20815	0.221440	0.278568	0.278327	0.221666
NA20818	0.221437	0.278573	0.278330	0.221660
NA20819	0.221443	0.278564	0.278327	0.221666
NA20821	0.221436	0.278573	0.278328	0.221663
NA20822	0.221438	0.278570	0.278329	0.221663
NA20826	0.221436	0.278572	0.278331	0.221661
NA20827	0.221444	0.278566	0.278324	0.221666
NA20828	0.221439	0.278576	0.278328	0.221658
NA20832	0.221437	0.278571	0.278332	0.221660
NA20845	0.221436	0.278573	0.278332	0.221660
NA20846	0.221437	0.278580	0.278332	0.221651
NA20847	0.221429	0.278580	0.278342	0.221649
NA20849	0.221439	0.278576	0.278329	0.221656
NA20850	0.221434	0.278575	0.278336	0.221654
NA20851	0.221431	0.278572	0.278336	0.221661
NA20852	0.221436	0.278578	0.278333	0.221653
NA20853	0.221433	0.278573	0.278337	0.221658
NA20854	0.221427	0.278586	0.278336	0.221650
NA20856	0.221436	0.278576	0.278334	0.221655
NA20858	0.221433	0.278575	0.278335	0.221657
NA20859	0.221436	0.278576	0.278330	0.221658
NA20861	0.221434	0.278576	0.278336	0.221654
NA20862	0.221436	0.278571	0.278334	0.221658
NA20863	0.221430	0.278570	0.278337	0.221663
NA20864	0.221436	0.278570	0.278333	0.221661
NA20866	0.221442	0.278576	0.278326	0.221657
NA20867	0.221433	0.278571	0.278337	0.221660
NA20868	0.221437	0.278574	0.278334	0.221655
NA20869	0.221425	0.278584	0.278340	0.221651
NA20870	0.221438	0.278573	0.278330	0.221659
NA20872	0.221436	0.278571	0.278335	0.221658
NA20874	0.221433	0.278575	0.278337	0.221656
NA20875	0.221435	0.278576	0.278336	0.221654
NA20876	0.221439	0.278573	0.278331	0.221657
NA20877	0.221434	0.278578	0.278339	0.221648
NA20878	0.221433	0.278577	0.278333	0.221657
NA20881	0.221434	0.278571	0.278334	0.221661
NA20882	0.221432	0.278570	0.278336	0.221662
NA20884	0.221435	0.278575	0.278334	0.221655
NA20885	0.221437	0.278572	0.278334	0.221658
NA20886	0.221434	0.278572	0.278336	0.221658
NA20887	0.221433	0.278576	0.278334	0.221658
NA20888	0.221427	0.278579	0.278342	0.221653
NA20889	0.221431	0.278573	0.278335	0.221661
NA20890	0.221438	0.278580	0.278332	0.221651
NA20891	0.221434	0.278575	0.278338	0.221652
NA20892	0.221431	0.278580	0.278337	0.221652
NA20894	0.221436	0.278572	0.278329	0.221663
NA20895	0.221430	0.278578	0.278339	0.221653
NA20896	0.221430	0.278580	0.278336	0.221653
NA20897	0.221435	0.278580	0.278330	0.221654
NA20899	0.221433	0.278576	0.278330	0.221661
NA20900	0.221435	0.278571	0.278336	0.221658
NA20901	0.221433	0.278577	0.278334	0.221657
NA20902	0.221437	0.278578	0.278335	0.221650
NA20903	0.221432	0.278575	0.278336	0.221657
NA20904	0.221436	0.278577	0.278331	0.221655
NA20905	0.221438	0.278572	0.278333	0.221656
NA20906	0.221433	0.278575	0.278335	0.221656
NA20908	0.221432	0.278580	0.278340	0.221648
NA20910	0.221435	0.278571	0.278332	0.221662
NA20911	0.221435	0.278572	0.278332	0.221661
NA21086	0.221433	0.278577	0.278334	0.221655
NA21087	0.221430	0.278583	0.278337	0.221650
NA21088	0.221433	0.278578	0.278336	0.221653
NA21089	0.221431	0.278581	0.278335	0.221653
NA21090	0.221435	0.278567	0.278334	0.221664
NA21091	0.221435	0.278577	0.278333	0.221655
NA21092	0.221437	0.278570	0.278336	0.221656
NA21093	0.221433	0.278575	0.278333	0.221660
NA21094	0.221433	0.278576	0.278335	0.221656
NA21095	0.221435	0.278578	0.278334	0.221652
NA21097	0.221436	0.278574	0.278332	0.221657
NA21098	0.221436	0.278576	0.278336	0.221652
NA21099	0.221435	0.278578	0.278336	0.221650
NA21100	0.221433	0.278575	0.278334	0.221658
NA21101	0.221439	0.278574	0.278331	0.221656
NA21102	0.221432	0.278577	0.278337	0.221654
NA21103	0.221430	0.278578	0.278339	0.221654
NA21104	0.221436	0.278577	0.278335	0.221652
NA21105	0.221432	0.278573	0.278335	0.221660
NA21106	0.221430	0.278575	0.278341	0.221654
NA21107	0.221431	0.278577	0.278337	0.221655
NA21108	0.221439	0.278573	0.278327	0.221661
NA21109	0.221431	0.278580	0.278337	0.221653
NA21110	0.221433	0.278576	0.278331	0.221659
NA21111	0.221435	0.278571	0.278335	0.221659
NA21112	0.221431	0.278579	0.278335	0.221655
NA21113	0.221430	0.278577	0.278336	0.221657
NA21114	0.221435	0.278576	0.278334	0.221655
NA21115	0.221427	0.278579	0.278341	0.221653
NA21116	0.221430	0.278579	0.278338	0.221653
NA21117	0.221429	0.278572	0.278337	0.221663
NA21118	0.221438	0.278578	0.278332	0.221652
NA21119	0.221433	0.278576	0.278330	0.221661
NA21120	0.221433	0.278581	0.278334	0.221652
NA21122	0.221435	0.278579	0.278330	0.221656
NA21123	0.221435	0.278575	0.278333	0.221657
NA21124	0.221436	0.278577	0.278334	0.221653
NA21125	0.221434	0.278579	0.278336	0.221651
NA21126	0.221434	0.278577	0.278334	0.221655
NA21127	0.221432	0.278576	0.278337	0.221656
NA21128	0.221430	0.278575	0.278335	0.221659
NA21129	0.221435	0.278577	0.278331	0.221657
NA21130	0.221432	0.278578	0.278335	0.221656
NA21133	0.221431	0.278580	0.278333	0.221656
NA21135	0.221437	0.278573	0.278333	0.221657
NA21137	0.221429	0.278579	0.278336	0.221656
NA21141	0.221441	0.278576	0.278327	0.221657
NA21142	0.221431	0.278576	0.278336	0.221657
NA21143	0.221436	0.278576	0.278335	0.221652
NA21144	0.221434	0.278580	0.278334	0.221653
