SAMPLE	A	C	G	T
HG00096	0.238373	0.261603	0.261585	0.238439
HG00097	0.238166	0.261692	0.261704	0.238437
HG00099	0.238173	0.261481	0.261765	0.238581
HG00100	0.238081	0.261748	0.261675	0.238496
HG00101	0.238016	0.261697	0.261817	0.238470
HG00102	0.238031	0.261690	0.261816	0.238463
HG00103	0.238139	0.261668	0.261657	0.238535
HG00105	0.238323	0.261776	0.261416	0.238485
HG00106	0.238091	0.261671	0.261652	0.238586
HG00107	0.238176	0.261907	0.261562	0.238355
HG00108	0.238099	0.261835	0.261631	0.238435
HG00109	0.238193	0.261722	0.261596	0.238488
HG00110	0.237734	0.261709	0.262042	0.238514
HG00111	0.238001	0.261637	0.261727	0.238635
HG00112	0.238177	0.261690	0.261670	0.238463
HG00113	0.238199	0.261868	0.261603	0.238331
HG00114	0.237864	0.261847	0.261821	0.238467
HG00115	0.238284	0.261718	0.261581	0.238418
HG00116	0.237900	0.261796	0.261880	0.238424
HG00117	0.238118	0.261713	0.261557	0.238612
HG00118	0.237876	0.261957	0.261783	0.238383
HG00119	0.237815	0.261560	0.262004	0.238620
HG00120	0.237871	0.261688	0.261883	0.238559
HG00121	0.238131	0.261528	0.261667	0.238674
HG00122	0.237973	0.261845	0.261852	0.238329
HG00123	0.237972	0.261759	0.261797	0.238472
HG00125	0.238123	0.261798	0.261574	0.238506
HG00126	0.238131	0.261549	0.261720	0.238600
HG00127	0.238007	0.261672	0.261864	0.238457
HG00128	0.238083	0.261710	0.261652	0.238555
HG00129	0.238105	0.261578	0.261591	0.238727
HG00130	0.238085	0.261822	0.261701	0.238392
HG00131	0.237917	0.261987	0.261832	0.238264
HG00132	0.237998	0.261756	0.261751	0.238496
HG00133	0.237855	0.262141	0.261753	0.238251
HG00136	0.238145	0.261492	0.261717	0.238646
HG00137	0.237882	0.261865	0.261779	0.238474
HG00138	0.238188	0.261682	0.261715	0.238415
HG00139	0.238015	0.261777	0.261790	0.238418
HG00140	0.238081	0.261763	0.261693	0.238464
HG00141	0.238137	0.261445	0.261779	0.238638
HG00142	0.238045	0.261830	0.261588	0.238537
HG00143	0.238050	0.261816	0.261615	0.238518
HG00145	0.238208	0.261664	0.261707	0.238422
HG00146	0.237987	0.261785	0.261631	0.238596
HG00148	0.238137	0.261652	0.261681	0.238530
HG00149	0.237905	0.261790	0.261858	0.238446
HG00150	0.238113	0.261543	0.261637	0.238707
HG00151	0.238124	0.261656	0.261548	0.238672
HG00154	0.237838	0.261885	0.261784	0.238493
HG00155	0.238196	0.261609	0.261579	0.238616
HG00157	0.238110	0.261800	0.261689	0.238400
HG00158	0.238036	0.261890	0.261633	0.238442
HG00159	0.237957	0.261773	0.261671	0.238599
HG00160	0.237904	0.261808	0.261856	0.238432
HG00171	0.238278	0.261673	0.261634	0.238415
HG00173	0.238005	0.261687	0.261697	0.238611
HG00174	0.237952	0.261553	0.261900	0.238595
HG00176	0.237905	0.261566	0.261863	0.238665
HG00177	0.238034	0.261599	0.261808	0.238558
HG00178	0.238051	0.261597	0.261578	0.238774
HG00179	0.238039	0.261719	0.261817	0.238425
HG00180	0.237925	0.261790	0.261779	0.238506
HG00181	0.237939	0.261600	0.261751	0.238710
HG00182	0.238007	0.261828	0.261865	0.238299
HG00183	0.238210	0.261656	0.261563	0.238571
HG00185	0.237909	0.261904	0.261760	0.238427
HG00186	0.238100	0.261993	0.261464	0.238443
HG00187	0.238103	0.261515	0.261798	0.238584
HG00188	0.238159	0.261876	0.261562	0.238403
HG00189	0.238371	0.261772	0.261485	0.238372
HG00190	0.238222	0.261655	0.261632	0.238491
HG00231	0.238101	0.261834	0.261534	0.238530
HG00232	0.238170	0.261909	0.261521	0.238400
HG00233	0.238038	0.261730	0.261845	0.238387
HG00234	0.238116	0.261609	0.261700	0.238576
HG00235	0.237928	0.261807	0.261788	0.238477
HG00236	0.238106	0.261628	0.261705	0.238562
HG00237	0.237864	0.261998	0.261753	0.238384
HG00238	0.238364	0.261706	0.261381	0.238548
HG00239	0.238232	0.261825	0.261706	0.238237
HG00240	0.238315	0.261656	0.261558	0.238470
HG00242	0.238166	0.261549	0.261552	0.238733
HG00243	0.238247	0.261685	0.261551	0.238517
HG00244	0.238118	0.261626	0.261549	0.238706
HG00245	0.238137	0.261878	0.261685	0.238300
HG00246	0.238087	0.261848	0.261680	0.238385
HG00250	0.238155	0.261628	0.261622	0.238596
HG00251	0.238044	0.261739	0.261741	0.238476
HG00252	0.238078	0.261615	0.261868	0.238439
HG00253	0.238121	0.261904	0.261648	0.238327
HG00254	0.238095	0.261655	0.261757	0.238493
HG00255	0.237893	0.261812	0.261853	0.238442
HG00256	0.238161	0.261612	0.261562	0.238665
HG00257	0.238028	0.261698	0.261654	0.238621
HG00258	0.238239	0.261597	0.261563	0.238601
HG00259	0.237917	0.261645	0.261875	0.238564
HG00260	0.237916	0.261649	0.261758	0.238678
HG00261	0.238246	0.261687	0.261365	0.238702
HG00262	0.238109	0.261611	0.261678	0.238602
HG00263	0.238061	0.261989	0.261640	0.238309
HG00264	0.237965	0.261671	0.261820	0.238544
HG00265	0.238022	0.261903	0.261636	0.238439
HG00266	0.238082	0.261706	0.261523	0.238689
HG00267	0.238090	0.261921	0.261783	0.238206
HG00268	0.238137	0.261714	0.261662	0.238487
HG00269	0.238011	0.261858	0.261693	0.238438
HG00271	0.238134	0.261758	0.261679	0.238429
HG00272	0.238229	0.261526	0.261688	0.238558
HG00273	0.238139	0.261699	0.261725	0.238437
HG00274	0.238102	0.261774	0.261708	0.238416
HG00275	0.238211	0.261475	0.261706	0.238608
HG00276	0.238237	0.261634	0.261566	0.238563
HG00277	0.238304	0.261792	0.261311	0.238593
HG00278	0.238213	0.261656	0.261574	0.238558
HG00280	0.238231	0.261718	0.261567	0.238484
HG00281	0.237775	0.261750	0.261896	0.238579
HG00282	0.237819	0.261640	0.261781	0.238760
HG00284	0.238039	0.261563	0.261811	0.238588
HG00285	0.237934	0.261748	0.261801	0.238517
HG00288	0.237950	0.261511	0.261831	0.238708
HG00290	0.238090	0.261512	0.261744	0.238654
HG00304	0.238239	0.261894	0.261515	0.238353
HG00306	0.238156	0.261591	0.261649	0.238604
HG00308	0.238135	0.261830	0.261569	0.238465
HG00309	0.237984	0.261768	0.261807	0.238442
HG00310	0.238017	0.261856	0.261842	0.238284
HG00311	0.238223	0.261743	0.261552	0.238482
HG00313	0.238133	0.261603	0.261514	0.238750
HG00315	0.237740	0.261936	0.262062	0.238262
HG00318	0.238081	0.261624	0.261613	0.238681
HG00319	0.237999	0.261750	0.261842	0.238409
HG00320	0.237921	0.261512	0.262002	0.238564
HG00321	0.238068	0.261806	0.261654	0.238472
HG00323	0.238007	0.261772	0.261756	0.238465
HG00324	0.238026	0.261808	0.261581	0.238585
HG00325	0.238224	0.261753	0.261558	0.238465
HG00326	0.238107	0.261900	0.261635	0.238358
HG00327	0.238032	0.261719	0.261711	0.238537
HG00328	0.237927	0.261761	0.261673	0.238639
HG00329	0.238206	0.261919	0.261600	0.238274
HG00330	0.237926	0.261754	0.261878	0.238442
HG00331	0.238229	0.261582	0.261663	0.238526
HG00332	0.237878	0.261983	0.261766	0.238373
HG00334	0.238209	0.261654	0.261500	0.238637
HG00335	0.237975	0.261615	0.261786	0.238625
HG00336	0.238038	0.261797	0.261654	0.238512
HG00337	0.238033	0.261833	0.261726	0.238408
HG00338	0.238204	0.261526	0.261613	0.238657
HG00339	0.238060	0.261626	0.261753	0.238562
HG00341	0.238090	0.261780	0.261561	0.238569
HG00342	0.237896	0.261582	0.261920	0.238602
HG00343	0.237868	0.261673	0.261922	0.238538
HG00344	0.238004	0.261964	0.261702	0.238330
HG00345	0.238045	0.261738	0.261642	0.238575
HG00346	0.238091	0.261586	0.261726	0.238598
HG00349	0.237944	0.261927	0.261643	0.238487
HG00350	0.238034	0.261735	0.261669	0.238562
HG00351	0.238222	0.261741	0.261732	0.238305
HG00353	0.238279	0.261641	0.261556	0.238523
HG00355	0.238311	0.261728	0.261496	0.238465
HG00356	0.238026	0.261770	0.261732	0.238472
HG00357	0.238082	0.261719	0.261765	0.238435
HG00358	0.237871	0.261855	0.262074	0.238200
HG00360	0.238143	0.261722	0.261437	0.238698
HG00361	0.237981	0.261727	0.261825	0.238466
HG00362	0.237948	0.261889	0.261706	0.238457
HG00364	0.238092	0.261765	0.261687	0.238455
HG00365	0.238248	0.261819	0.261521	0.238412
HG00366	0.238236	0.261772	0.261505	0.238487
HG00367	0.237972	0.261528	0.261782	0.238718
HG00368	0.238095	0.261710	0.261771	0.238424
HG00369	0.238008	0.261759	0.261603	0.238629
HG00371	0.238241	0.261500	0.261828	0.238431
HG00372	0.238136	0.261619	0.261539	0.238706
HG00373	0.238152	0.261567	0.261663	0.238618
HG00375	0.238187	0.261889	0.261538	0.238386
HG00376	0.238045	0.261754	0.261704	0.238496
HG00378	0.238277	0.261510	0.261573	0.238640
HG00379	0.238176	0.261478	0.261642	0.238704
HG00380	0.238053	0.261754	0.261622	0.238571
HG00381	0.238045	0.261799	0.261694	0.238462
HG00382	0.238061	0.261819	0.261617	0.238504
HG00383	0.237856	0.261617	0.262013	0.238514
HG00384	0.237994	0.261639	0.261669	0.238698
HG00403	0.238389	0.261439	0.261339	0.238833
HG00404	0.238071	0.261491	0.261673	0.238765
HG00406	0.237996	0.261813	0.261765	0.238426
HG00407	0.238337	0.261601	0.261465	0.238597
HG00409	0.238110	0.261393	0.261747	0.238750
HG00410	0.238197	0.261412	0.261745	0.238646
HG00419	0.238014	0.261545	0.261671	0.238771
HG00421	0.238094	0.261210	0.261851	0.238845
HG00422	0.238025	0.261372	0.261695	0.238908
HG00428	0.238375	0.261410	0.261533	0.238683
HG00436	0.238091	0.261390	0.261660	0.238859
HG00437	0.238322	0.261271	0.261506	0.238902
HG00442	0.238175	0.261377	0.261689	0.238759
HG00443	0.238001	0.261624	0.261915	0.238460
HG00445	0.238324	0.261452	0.261560	0.238664
HG00446	0.238002	0.261545	0.261797	0.238656
HG00448	0.238090	0.261647	0.261642	0.238621
HG00449	0.237972	0.261497	0.261911	0.238621
HG00451	0.237909	0.261660	0.261822	0.238608
HG00452	0.238253	0.261461	0.261548	0.238738
HG00457	0.238155	0.261510	0.261782	0.238553
HG00458	0.238072	0.261550	0.261575	0.238803
HG00463	0.238025	0.261312	0.261764	0.238898
HG00464	0.237972	0.261300	0.261853	0.238875
HG00472	0.238200	0.261598	0.261632	0.238570
HG00473	0.238071	0.261466	0.261715	0.238749
HG00475	0.238122	0.261398	0.261856	0.238624
HG00476	0.238109	0.261420	0.261664	0.238807
HG00478	0.237932	0.261586	0.261737	0.238744
HG00479	0.238158	0.261404	0.261688	0.238749
HG00500	0.237967	0.261573	0.261871	0.238589
HG00513	0.238086	0.261542	0.261727	0.238644
HG00524	0.238117	0.261570	0.261698	0.238616
HG00525	0.238142	0.261442	0.261712	0.238703
HG00530	0.238253	0.261441	0.261642	0.238663
HG00531	0.238116	0.261679	0.261655	0.238551
HG00533	0.238111	0.261408	0.261849	0.238632
HG00534	0.238174	0.261485	0.261516	0.238825
HG00536	0.238129	0.261390	0.261615	0.238866
HG00537	0.238028	0.261327	0.261781	0.238865
HG00542	0.238110	0.261520	0.261706	0.238663
HG00543	0.237958	0.261479	0.261853	0.238710
HG00556	0.238200	0.261363	0.261537	0.238900
HG00557	0.238111	0.261567	0.261759	0.238563
HG00559	0.238262	0.261545	0.261450	0.238743
HG00560	0.238145	0.261419	0.261737	0.238699
HG00565	0.238217	0.261457	0.261644	0.238681
HG00566	0.238084	0.261388	0.261828	0.238700
HG00580	0.238086	0.261692	0.261707	0.238515
HG00581	0.238027	0.261589	0.261737	0.238647
HG00583	0.238213	0.261433	0.261513	0.238841
HG00584	0.238272	0.261370	0.261583	0.238775
HG00589	0.238065	0.261361	0.261885	0.238689
HG00590	0.238002	0.261544	0.261722	0.238732
HG00592	0.238139	0.261494	0.261615	0.238753
HG00593	0.238101	0.261523	0.261522	0.238853
HG00595	0.237999	0.261658	0.261785	0.238558
HG00596	0.238250	0.261577	0.261591	0.238582
HG00598	0.238044	0.261377	0.261850	0.238728
HG00599	0.238080	0.261443	0.261824	0.238653
HG00607	0.238095	0.261351	0.261761	0.238793
HG00608	0.238190	0.261354	0.261746	0.238710
HG00610	0.238035	0.261329	0.261937	0.238699
HG00611	0.238069	0.261379	0.261723	0.238828
HG00613	0.238094	0.261400	0.261736	0.238770
HG00614	0.238156	0.261529	0.261598	0.238716
HG00619	0.237974	0.261482	0.261793	0.238751
HG00620	0.238190	0.261470	0.261574	0.238765
HG00622	0.238091	0.261502	0.261523	0.238885
HG00623	0.237972	0.261552	0.261842	0.238634
HG00625	0.238297	0.261430	0.261671	0.238602
HG00626	0.238084	0.261445	0.261900	0.238571
HG00628	0.238116	0.261433	0.261608	0.238842
HG00629	0.237997	0.261533	0.261750	0.238720
HG00631	0.238163	0.261288	0.261759	0.238790
HG00632	0.237920	0.261496	0.261947	0.238637
HG00634	0.237883	0.261496	0.261881	0.238740
HG00650	0.238184	0.261333	0.261627	0.238856
HG00651	0.238158	0.261422	0.261691	0.238729
HG00653	0.238283	0.261585	0.261548	0.238584
HG00654	0.238237	0.261543	0.261485	0.238735
HG00656	0.238127	0.261313	0.261714	0.238846
HG00657	0.238215	0.261670	0.261655	0.238460
HG00662	0.238098	0.261758	0.261649	0.238495
HG00663	0.238302	0.261381	0.261623	0.238694
HG00671	0.237974	0.261676	0.261665	0.238684
HG00672	0.238178	0.261633	0.261674	0.238514
HG00674	0.238241	0.261396	0.261648	0.238715
HG00675	0.238102	0.261403	0.261743	0.238752
HG00683	0.238171	0.261327	0.261698	0.238804
HG00684	0.238048	0.261497	0.261818	0.238637
HG00689	0.238002	0.261584	0.261787	0.238628
HG00690	0.238195	0.261452	0.261516	0.238837
HG00692	0.238100	0.261574	0.261766	0.238560
HG00693	0.238065	0.261513	0.261652	0.238771
HG00698	0.238206	0.261324	0.261739	0.238730
HG00699	0.238308	0.261492	0.261512	0.238688
HG00701	0.238167	0.261355	0.261755	0.238723
HG00704	0.238244	0.261407	0.261561	0.238788
HG00705	0.238077	0.261432	0.261636	0.238855
HG00707	0.238252	0.261304	0.261461	0.238983
HG00708	0.238091	0.261490	0.261772	0.238647
HG00717	0.238192	0.261424	0.261490	0.238895
HG00728	0.238043	0.261406	0.261810	0.238741
HG00729	0.238092	0.261594	0.261754	0.238560
HG00759	0.238375	0.261364	0.261593	0.238668
HG00766	0.238344	0.261433	0.261539	0.238685
HG00844	0.238045	0.261448	0.261723	0.238783
HG00851	0.238242	0.261563	0.261319	0.238876
HG00864	0.238129	0.261307	0.261680	0.238884
HG00867	0.238259	0.261409	0.261597	0.238735
HG00879	0.238380	0.261418	0.261435	0.238767
HG00881	0.238274	0.261477	0.261555	0.238693
HG00956	0.238281	0.261444	0.261533	0.238742
HG00978	0.238141	0.261367	0.261784	0.238708
HG00982	0.238246	0.261332	0.261644	0.238777
HG01028	0.238156	0.261639	0.261503	0.238702
HG01029	0.238060	0.261590	0.261792	0.238558
HG01031	0.238107	0.261464	0.261634	0.238795
HG01046	0.237943	0.261480	0.261892	0.238686
HG01334	0.238078	0.261815	0.261609	0.238498
HG01500	0.238159	0.261628	0.261699	0.238514
HG01501	0.237810	0.261885	0.261826	0.238479
HG01503	0.237786	0.261808	0.261926	0.238480
HG01504	0.237887	0.261985	0.261857	0.238271
HG01506	0.237814	0.261933	0.261976	0.238277
HG01507	0.237955	0.261890	0.261825	0.238329
HG01509	0.238138	0.261574	0.261840	0.238448
HG01510	0.237935	0.261689	0.261794	0.238582
HG01512	0.237922	0.261785	0.261763	0.238530
HG01513	0.237977	0.261831	0.261607	0.238584
HG01515	0.237971	0.261775	0.261727	0.238527
HG01516	0.237817	0.261832	0.261887	0.238464
HG01518	0.238155	0.261712	0.261695	0.238438
HG01519	0.238086	0.261703	0.261615	0.238596
HG01521	0.237993	0.261763	0.261788	0.238457
HG01522	0.237905	0.261653	0.261842	0.238600
HG01524	0.238078	0.262118	0.261520	0.238285
HG01525	0.238118	0.261761	0.261742	0.238378
HG01527	0.237864	0.261785	0.261814	0.238538
HG01528	0.237852	0.262030	0.261856	0.238262
HG01530	0.237991	0.261804	0.261808	0.238397
HG01531	0.237932	0.261700	0.262061	0.238307
HG01536	0.238025	0.261710	0.261693	0.238572
HG01537	0.237859	0.261839	0.261768	0.238534
HG01583	0.237947	0.261757	0.261839	0.238457
HG01586	0.237938	0.261704	0.261819	0.238539
HG01589	0.237875	0.261798	0.261718	0.238609
HG01593	0.237833	0.261952	0.261871	0.238344
HG01595	0.238284	0.261324	0.261609	0.238783
HG01596	0.237996	0.261571	0.261719	0.238713
HG01597	0.237997	0.261626	0.261773	0.238604
HG01598	0.238397	0.261437	0.261438	0.238728
HG01599	0.238201	0.261573	0.261645	0.238582
HG01600	0.238155	0.261557	0.261532	0.238756
HG01602	0.237996	0.261794	0.261831	0.238380
HG01603	0.238066	0.261618	0.261837	0.238479
HG01605	0.238073	0.261558	0.261758	0.238611
HG01606	0.237842	0.261794	0.262024	0.238340
HG01607	0.237964	0.261757	0.261893	0.238385
HG01608	0.238064	0.261809	0.261774	0.238353
HG01610	0.237790	0.261775	0.261896	0.238539
HG01612	0.238045	0.261870	0.261773	0.238313
HG01613	0.237992	0.261949	0.261680	0.238378
HG01615	0.237783	0.262088	0.262037	0.238092
HG01617	0.237990	0.261737	0.261748	0.238525
HG01618	0.237848	0.261890	0.261939	0.238322
HG01619	0.237819	0.261666	0.261999	0.238516
HG01620	0.238002	0.261628	0.261850	0.238520
HG01623	0.238052	0.261598	0.261727	0.238624
HG01624	0.237829	0.262008	0.261915	0.238248
HG01625	0.238086	0.261887	0.261613	0.238414
HG01626	0.238068	0.261792	0.261926	0.238214
HG01628	0.237870	0.262024	0.261952	0.238154
HG01630	0.237846	0.261799	0.261801	0.238555
HG01631	0.238135	0.261629	0.261737	0.238500
HG01632	0.238521	0.261646	0.261239	0.238594
HG01668	0.237790	0.261817	0.261988	0.238405
HG01669	0.237718	0.261875	0.262031	0.238376
HG01670	0.237934	0.261659	0.261760	0.238647
HG01672	0.238068	0.261829	0.261765	0.238337
HG01673	0.237913	0.261744	0.261723	0.238620
HG01675	0.237822	0.261950	0.261876	0.238351
HG01676	0.238261	0.261865	0.261484	0.238389
HG01678	0.237868	0.261886	0.262102	0.238144
HG01679	0.237981	0.261749	0.261860	0.238409
HG01680	0.237979	0.261895	0.261698	0.238428
HG01682	0.238045	0.261987	0.261766	0.238201
HG01684	0.238059	0.261660	0.261654	0.238626
HG01685	0.237996	0.261746	0.261764	0.238494
HG01686	0.237851	0.261921	0.261865	0.238362
HG01694	0.237822	0.261939	0.261874	0.238365
HG01695	0.237768	0.262008	0.261950	0.238275
HG01697	0.237991	0.261648	0.261822	0.238539
HG01699	0.238068	0.261793	0.261757	0.238383
HG01700	0.238194	0.261739	0.261602	0.238466
HG01702	0.238117	0.261702	0.261674	0.238507
HG01704	0.237894	0.261979	0.261873	0.238254
HG01705	0.238033	0.262168	0.261651	0.238148
HG01707	0.237856	0.261702	0.261899	0.238543
HG01708	0.238046	0.261925	0.261770	0.238259
HG01709	0.237965	0.262036	0.261689	0.238310
HG01710	0.237889	0.262064	0.261751	0.238296
HG01746	0.237836	0.261716	0.262025	0.238423
HG01747	0.238123	0.261947	0.261652	0.238279
HG01756	0.237943	0.261780	0.261847	0.238430
HG01757	0.237663	0.261858	0.262041	0.238437
HG01761	0.237877	0.261950	0.261777	0.238396
HG01762	0.237963	0.261626	0.261776	0.238636
HG01765	0.237975	0.261803	0.261827	0.238395
HG01766	0.238057	0.261847	0.261599	0.238498
HG01767	0.237866	0.261920	0.261942	0.238271
HG01768	0.237819	0.262050	0.261899	0.238232
HG01770	0.237986	0.262053	0.261731	0.238229
HG01771	0.238208	0.261769	0.261552	0.238471
HG01773	0.237853	0.261916	0.261895	0.238336
HG01775	0.237793	0.262042	0.261771	0.238394
HG01776	0.237896	0.261711	0.261787	0.238606
HG01777	0.237854	0.261981	0.261765	0.238399
HG01779	0.237823	0.262012	0.261894	0.238271
HG01781	0.238027	0.261568	0.261759	0.238646
HG01783	0.238029	0.261687	0.261712	0.238572
HG01784	0.237688	0.261693	0.262176	0.238443
HG01785	0.238077	0.261742	0.261584	0.238597
HG01786	0.238031	0.261766	0.261804	0.238399
HG01789	0.237791	0.261726	0.261979	0.238504
HG01790	0.238172	0.261716	0.261574	0.238539
HG01791	0.238030	0.261947	0.261707	0.238316
HG01794	0.238308	0.261335	0.261431	0.238926
HG01795	0.238002	0.261483	0.261827	0.238688
HG01796	0.238030	0.261639	0.261766	0.238565
HG01797	0.238175	0.261568	0.261760	0.238497
HG01798	0.238078	0.261410	0.261744	0.238767
HG01799	0.237993	0.261320	0.261870	0.238817
HG01800	0.238285	0.261500	0.261441	0.238774
HG01801	0.238147	0.261568	0.261646	0.238639
HG01802	0.238157	0.261388	0.261488	0.238967
HG01804	0.238175	0.261398	0.261687	0.238739
HG01805	0.238219	0.261469	0.261556	0.238756
HG01806	0.238196	0.261411	0.261565	0.238828
HG01807	0.237997	0.261477	0.261628	0.238897
HG01808	0.238178	0.261311	0.261716	0.238795
HG01809	0.237961	0.261606	0.261675	0.238758
HG01810	0.238138	0.261470	0.261774	0.238617
HG01811	0.237901	0.261163	0.261952	0.238985
HG01812	0.238216	0.261543	0.261432	0.238809
HG01813	0.238188	0.261471	0.261418	0.238924
HG01815	0.238316	0.261403	0.261473	0.238808
HG01816	0.238230	0.261376	0.261553	0.238840
HG01817	0.238142	0.261337	0.261700	0.238821
HG01840	0.238223	0.261399	0.261577	0.238801
HG01841	0.238228	0.261472	0.261579	0.238721
HG01842	0.238034	0.261545	0.261760	0.238662
HG01843	0.238065	0.261395	0.261661	0.238878
HG01844	0.238094	0.261360	0.261794	0.238751
HG01845	0.238174	0.261428	0.261651	0.238747
HG01846	0.238200	0.261542	0.261521	0.238738
HG01847	0.238119	0.261370	0.261719	0.238792
HG01848	0.238247	0.261695	0.261438	0.238621
HG01849	0.238019	0.261440	0.261927	0.238615
HG01850	0.237870	0.261566	0.262020	0.238544
HG01851	0.237991	0.261375	0.261791	0.238843
HG01852	0.238127	0.261571	0.261702	0.238600
HG01853	0.237972	0.261573	0.261841	0.238614
HG01855	0.237982	0.261741	0.261721	0.238556
HG01857	0.238175	0.261538	0.261609	0.238678
HG01858	0.238175	0.261215	0.261805	0.238805
HG01859	0.238265	0.261461	0.261779	0.238495
HG01860	0.238504	0.261375	0.261312	0.238808
HG01861	0.237915	0.261643	0.261813	0.238629
HG01862	0.238174	0.261593	0.261449	0.238784
HG01863	0.238126	0.261637	0.261492	0.238745
HG01864	0.238112	0.261583	0.261592	0.238714
HG01865	0.238196	0.261642	0.261568	0.238595
HG01866	0.238224	0.261353	0.261710	0.238713
HG01867	0.238189	0.261164	0.261838	0.238809
HG01868	0.238138	0.261606	0.261689	0.238567
HG01869	0.238043	0.261434	0.261826	0.238697
HG01870	0.238052	0.261501	0.261791	0.238656
HG01871	0.237950	0.261518	0.261798	0.238733
HG01872	0.237990	0.261337	0.261907	0.238766
HG01873	0.238130	0.261594	0.261598	0.238679
HG01874	0.238299	0.261570	0.261648	0.238483
HG01878	0.238221	0.261330	0.261618	0.238832
HG02016	0.238143	0.261404	0.261759	0.238694
HG02017	0.238075	0.261571	0.261498	0.238855
HG02019	0.238176	0.261653	0.261595	0.238576
HG02020	0.238138	0.261455	0.261604	0.238804
HG02023	0.238022	0.261426	0.261750	0.238802
HG02025	0.238157	0.261640	0.261609	0.238594
HG02026	0.238200	0.261316	0.261513	0.238971
HG02028	0.237903	0.261674	0.261638	0.238786
HG02029	0.238060	0.261387	0.261740	0.238813
HG02031	0.237839	0.261382	0.261837	0.238942
HG02032	0.238309	0.261467	0.261570	0.238654
HG02035	0.237978	0.261696	0.261716	0.238610
HG02040	0.238088	0.261510	0.261593	0.238809
HG02047	0.238188	0.261603	0.261648	0.238561
HG02048	0.237935	0.261534	0.261939	0.238591
HG02049	0.238095	0.261688	0.261709	0.238508
HG02050	0.238208	0.261631	0.261509	0.238652
HG02057	0.238212	0.261364	0.261685	0.238740
HG02058	0.238092	0.261532	0.261680	0.238696
HG02060	0.238195	0.261284	0.261692	0.238829
HG02061	0.238005	0.261534	0.261801	0.238659
HG02064	0.238194	0.261436	0.261665	0.238705
HG02067	0.237999	0.261554	0.261718	0.238729
HG02069	0.238115	0.261402	0.261608	0.238874
HG02070	0.238266	0.261538	0.261548	0.238649
HG02072	0.238138	0.261593	0.261718	0.238552
HG02073	0.238186	0.261562	0.261683	0.238569
HG02075	0.238126	0.261723	0.261603	0.238548
HG02076	0.238110	0.261441	0.261528	0.238921
HG02078	0.238081	0.261482	0.261754	0.238682
HG02079	0.238034	0.261315	0.261696	0.238955
HG02081	0.238165	0.261347	0.261680	0.238808
HG02082	0.238271	0.261406	0.261564	0.238760
HG02084	0.237945	0.261623	0.261811	0.238621
HG02085	0.238365	0.261593	0.261293	0.238749
HG02086	0.238224	0.261472	0.261758	0.238547
HG02087	0.238231	0.261506	0.261630	0.238633
HG02088	0.238291	0.261425	0.261470	0.238813
HG02113	0.237999	0.261225	0.261904	0.238872
HG02116	0.238131	0.261520	0.261745	0.238605
HG02121	0.238163	0.261364	0.261663	0.238810
HG02122	0.238153	0.261456	0.261638	0.238752
HG02127	0.238065	0.261657	0.261837	0.238440
HG02128	0.238337	0.261428	0.261556	0.238680
HG02130	0.238210	0.261601	0.261694	0.238496
HG02131	0.238025	0.261328	0.261979	0.238667
HG02133	0.238173	0.261457	0.261766	0.238603
HG02134	0.238157	0.261230	0.261665	0.238948
HG02136	0.238086	0.261315	0.261735	0.238865
HG02137	0.238061	0.261494	0.261652	0.238792
HG02138	0.238147	0.261356	0.261726	0.238771
HG02139	0.238088	0.261371	0.261736	0.238805
HG02140	0.238179	0.261684	0.261572	0.238565
HG02141	0.238129	0.261453	0.261671	0.238747
HG02142	0.238211	0.261490	0.261682	0.238617
HG02151	0.238153	0.261592	0.261586	0.238669
HG02152	0.237846	0.261519	0.261566	0.239070
HG02153	0.238027	0.261489	0.261715	0.238770
HG02154	0.238119	0.261572	0.261669	0.238640
HG02155	0.238092	0.261246	0.261804	0.238859
HG02156	0.238185	0.261518	0.261578	0.238719
HG02164	0.238284	0.261400	0.261528	0.238788
HG02165	0.238045	0.261469	0.261736	0.238751
HG02166	0.238412	0.261495	0.261392	0.238700
HG02178	0.238239	0.261400	0.261620	0.238741
HG02179	0.238136	0.261404	0.261729	0.238731
HG02180	0.238178	0.261280	0.261527	0.239015
HG02181	0.238083	0.261405	0.261632	0.238880
HG02182	0.238199	0.261355	0.261540	0.238906
HG02184	0.238073	0.261403	0.261859	0.238665
HG02185	0.238177	0.261277	0.261704	0.238842
HG02186	0.238368	0.261527	0.261610	0.238496
HG02187	0.238130	0.261390	0.261684	0.238796
HG02188	0.238331	0.261332	0.261561	0.238775
HG02190	0.237865	0.261305	0.261928	0.238902
HG02215	0.237965	0.261799	0.261819	0.238417
HG02219	0.238048	0.262015	0.261675	0.238262
HG02220	0.237916	0.261875	0.261860	0.238348
HG02221	0.237755	0.261742	0.261803	0.238700
HG02223	0.237883	0.261985	0.261872	0.238260
HG02224	0.238032	0.261821	0.261700	0.238447
HG02230	0.237819	0.261924	0.261883	0.238374
HG02231	0.237797	0.261815	0.262033	0.238355
HG02232	0.238217	0.261577	0.261603	0.238602
HG02233	0.238194	0.261681	0.261500	0.238625
HG02235	0.237951	0.261893	0.261717	0.238439
HG02236	0.237864	0.262084	0.261798	0.238254
HG02238	0.237897	0.262063	0.261877	0.238163
HG02239	0.237838	0.261542	0.261803	0.238817
HG02250	0.238036	0.261467	0.261773	0.238724
HG02351	0.238218	0.261472	0.261707	0.238603
HG02353	0.238138	0.261600	0.261592	0.238669
HG02355	0.238371	0.261596	0.261578	0.238455
HG02356	0.238357	0.261424	0.261504	0.238715
HG02360	0.238187	0.261624	0.261585	0.238604
HG02364	0.238116	0.261396	0.261907	0.238581
HG02367	0.238084	0.261528	0.261803	0.238585
HG02371	0.238339	0.261668	0.261466	0.238527
HG02373	0.238326	0.261328	0.261484	0.238862
HG02374	0.238365	0.261434	0.261451	0.238750
HG02375	0.238270	0.261493	0.261582	0.238656
HG02379	0.238210	0.261499	0.261656	0.238635
HG02380	0.238171	0.261553	0.261562	0.238714
HG02382	0.238216	0.261533	0.261520	0.238730
HG02383	0.238152	0.261282	0.261668	0.238899
HG02384	0.238090	0.261399	0.261718	0.238794
HG02385	0.238106	0.261347	0.261737	0.238810
HG02386	0.237989	0.261477	0.261715	0.238820
HG02389	0.237991	0.261415	0.261709	0.238885
HG02390	0.238079	0.261568	0.261780	0.238573
HG02391	0.237957	0.261295	0.261960	0.238788
HG02392	0.238277	0.261403	0.261560	0.238760
HG02394	0.238330	0.261730	0.261462	0.238478
HG02395	0.238080	0.261597	0.261715	0.238607
HG02396	0.238343	0.261361	0.261526	0.238770
HG02397	0.238088	0.261441	0.261646	0.238825
HG02398	0.237977	0.261607	0.261767	0.238649
HG02399	0.238208	0.261474	0.261670	0.238648
HG02401	0.238056	0.261624	0.261549	0.238771
HG02402	0.238153	0.261455	0.261625	0.238767
HG02406	0.238124	0.261454	0.261608	0.238814
HG02407	0.238236	0.261483	0.261490	0.238791
HG02408	0.238038	0.261548	0.261591	0.238823
HG02409	0.238224	0.261499	0.261618	0.238658
HG02410	0.238242	0.261564	0.261492	0.238703
HG02461	0.234816	0.264668	0.264890	0.235627
HG02462	0.235124	0.264440	0.264766	0.235670
HG02464	0.234687	0.264915	0.265279	0.235120
HG02465	0.234841	0.264764	0.265090	0.235305
HG02490	0.237831	0.261983	0.261848	0.238338
HG02491	0.238233	0.261746	0.261493	0.238529
HG02493	0.237929	0.261783	0.261776	0.238512
HG02494	0.237913	0.261758	0.261812	0.238517
HG02512	0.238115	0.261509	0.261702	0.238674
HG02513	0.237981	0.261253	0.261880	0.238887
HG02521	0.238043	0.261314	0.261747	0.238895
HG02522	0.238295	0.261642	0.261410	0.238653
HG02561	0.234802	0.264581	0.264999	0.235619
HG02562	0.234813	0.264784	0.264917	0.235486
HG02568	0.234679	0.264824	0.265041	0.235456
HG02570	0.234927	0.264677	0.265020	0.235377
HG02571	0.234820	0.264928	0.265039	0.235213
HG02573	0.234727	0.264683	0.264952	0.235638
HG02574	0.234945	0.264716	0.265022	0.235317
HG02582	0.234955	0.264615	0.264972	0.235459
HG02583	0.234713	0.264696	0.265200	0.235392
HG02585	0.234655	0.264707	0.265290	0.235348
HG02586	0.234925	0.264635	0.264851	0.235589
HG02588	0.234974	0.264526	0.264889	0.235612
HG02589	0.234946	0.264652	0.264856	0.235546
HG02594	0.234905	0.264611	0.265017	0.235468
HG02595	0.234936	0.264791	0.264930	0.235344
HG02597	0.238078	0.261953	0.261591	0.238378
HG02600	0.237862	0.261912	0.261823	0.238404
HG02601	0.238008	0.261681	0.261721	0.238590
HG02603	0.237829	0.262070	0.261596	0.238506
HG02604	0.237953	0.261785	0.261863	0.238399
HG02610	0.234662	0.264813	0.265210	0.235316
HG02611	0.234755	0.264738	0.265038	0.235468
HG02613	0.234930	0.264560	0.264975	0.235535
HG02614	0.235048	0.264812	0.264656	0.235485
HG02620	0.234864	0.264593	0.264964	0.235579
HG02621	0.234418	0.264877	0.265324	0.235381
HG02623	0.235011	0.264599	0.264810	0.235579
HG02624	0.234877	0.264671	0.265123	0.235329
HG02628	0.234902	0.264760	0.265001	0.235338
HG02629	0.234782	0.264671	0.265081	0.235466
HG02634	0.235052	0.264476	0.264938	0.235534
HG02635	0.234961	0.264619	0.265106	0.235314
HG02642	0.234679	0.264747	0.265104	0.235469
HG02643	0.234810	0.264653	0.265043	0.235494
HG02645	0.234633	0.264759	0.265232	0.235376
HG02646	0.234772	0.264607	0.265043	0.235578
HG02648	0.237909	0.261818	0.261825	0.238448
HG02649	0.237758	0.261762	0.261957	0.238523
HG02651	0.237741	0.261577	0.261946	0.238736
HG02652	0.237851	0.261930	0.261859	0.238360
HG02654	0.238048	0.261651	0.261568	0.238734
HG02655	0.238100	0.261601	0.261692	0.238607
HG02657	0.238129	0.261561	0.261722	0.238588
HG02658	0.237797	0.261887	0.261918	0.238398
HG02660	0.238136	0.261725	0.261659	0.238481
HG02661	0.237757	0.261892	0.261778	0.238574
HG02666	0.234879	0.264837	0.265011	0.235272
HG02667	0.234823	0.264714	0.264848	0.235615
HG02675	0.234677	0.264625	0.265156	0.235543
HG02676	0.234773	0.264748	0.264839	0.235639
HG02678	0.234973	0.264835	0.264894	0.235298
HG02679	0.234928	0.264711	0.264970	0.235390
HG02681	0.238148	0.261712	0.261525	0.238615
HG02682	0.238239	0.261695	0.261629	0.238436
HG02684	0.237986	0.261821	0.261527	0.238666
HG02685	0.237862	0.261622	0.261742	0.238775
HG02687	0.237916	0.261890	0.261818	0.238376
HG02688	0.237980	0.261851	0.261679	0.238489
HG02690	0.237770	0.261950	0.261827	0.238453
HG02691	0.237874	0.261767	0.261837	0.238522
HG02694	0.238103	0.261820	0.261614	0.238462
HG02696	0.237966	0.261744	0.261732	0.238558
HG02697	0.237963	0.261657	0.261787	0.238593
HG02699	0.237929	0.261897	0.261702	0.238472
HG02700	0.237888	0.261791	0.261739	0.238581
HG02702	0.234787	0.264553	0.265023	0.235637
HG02703	0.234855	0.264635	0.265112	0.235398
HG02715	0.234982	0.264910	0.264909	0.235200
HG02716	0.234623	0.264703	0.265307	0.235366
HG02721	0.234856	0.264758	0.265037	0.235349
HG02722	0.234723	0.264928	0.265043	0.235306
HG02724	0.237658	0.261883	0.261987	0.238472
HG02725	0.237764	0.261752	0.261842	0.238643
HG02727	0.237777	0.261795	0.261888	0.238539
HG02728	0.237818	0.261762	0.261973	0.238446
HG02731	0.237958	0.261831	0.261884	0.238326
HG02733	0.237925	0.261958	0.261843	0.238275
HG02734	0.237964	0.261669	0.261943	0.238423
HG02736	0.237911	0.261789	0.261796	0.238504
HG02737	0.237876	0.261854	0.261834	0.238437
HG02756	0.234943	0.264664	0.264939	0.235455
HG02757	0.234897	0.264766	0.264926	0.235412
HG02759	0.234951	0.264484	0.264803	0.235762
HG02760	0.234843	0.264697	0.265030	0.235430
HG02763	0.234850	0.264641	0.265036	0.235473
HG02768	0.234626	0.264863	0.265063	0.235448
HG02769	0.234771	0.264954	0.265096	0.235179
HG02771	0.234918	0.264868	0.264975	0.235239
HG02772	0.234738	0.264639	0.264997	0.235626
HG02774	0.237869	0.261825	0.261761	0.238546
HG02775	0.237939	0.261854	0.261626	0.238581
HG02778	0.237812	0.261756	0.261882	0.238550
HG02780	0.237854	0.261652	0.261836	0.238658
HG02783	0.238045	0.261530	0.261794	0.238631
HG02784	0.237815	0.261946	0.261837	0.238402
HG02786	0.237930	0.261859	0.261744	0.238467
HG02787	0.237906	0.261764	0.261908	0.238422
HG02789	0.237806	0.261647	0.261854	0.238692
HG02790	0.237961	0.261902	0.261682	0.238455
HG02792	0.238054	0.261763	0.261753	0.238430
HG02793	0.238119	0.261773	0.261545	0.238562
HG02798	0.235035	0.264772	0.264859	0.235334
HG02799	0.234762	0.264683	0.265076	0.235478
HG02804	0.234742	0.264843	0.265052	0.235363
HG02805	0.234666	0.264907	0.265170	0.235257
HG02807	0.234885	0.264383	0.265177	0.235555
HG02808	0.234683	0.265002	0.264961	0.235354
HG02810	0.235074	0.264422	0.264694	0.235809
HG02811	0.234819	0.264738	0.265034	0.235409
HG02813	0.234745	0.264805	0.265082	0.235368
HG02814	0.234884	0.264842	0.264916	0.235358
HG02816	0.234938	0.264727	0.264821	0.235515
HG02817	0.234888	0.264627	0.265066	0.235419
HG02819	0.234620	0.264911	0.265388	0.235081
HG02820	0.234844	0.264762	0.265037	0.235358
HG02836	0.235044	0.264727	0.264830	0.235399
HG02837	0.235024	0.264818	0.264724	0.235434
HG02839	0.234906	0.264614	0.264979	0.235502
HG02840	0.234928	0.264606	0.264974	0.235492
HG02851	0.234994	0.264648	0.264765	0.235593
HG02852	0.234893	0.264865	0.264994	0.235249
HG02854	0.234794	0.265061	0.265005	0.235140
HG02855	0.234895	0.264657	0.264828	0.235620
HG02860	0.234940	0.264873	0.264894	0.235293
HG02861	0.235107	0.264555	0.264743	0.235595
HG02870	0.234779	0.264687	0.265107	0.235427
HG02878	0.234708	0.264669	0.265125	0.235498
HG02879	0.234944	0.264708	0.264923	0.235425
HG02881	0.234872	0.264547	0.265065	0.235516
HG02882	0.235011	0.264506	0.264910	0.235574
HG02884	0.234845	0.264891	0.264941	0.235323
HG02885	0.235042	0.264692	0.264792	0.235474
HG02887	0.234965	0.264641	0.264873	0.235522
HG02888	0.234837	0.264770	0.265031	0.235362
HG02890	0.234905	0.264656	0.264968	0.235470
HG02891	0.234817	0.264865	0.265059	0.235259
HG02895	0.234834	0.264527	0.264974	0.235665
HG02896	0.235041	0.264772	0.264946	0.235240
HG02922	0.234704	0.264749	0.265199	0.235348
HG02923	0.234814	0.264862	0.265059	0.235265
HG02938	0.234766	0.265027	0.265112	0.235094
HG02941	0.234792	0.264618	0.265112	0.235478
HG02943	0.234888	0.264725	0.265175	0.235211
HG02944	0.234795	0.264575	0.265038	0.235592
HG02946	0.234675	0.264673	0.265293	0.235359
HG02947	0.234741	0.264747	0.265121	0.235391
HG02952	0.234750	0.264924	0.265191	0.235135
HG02953	0.234947	0.264648	0.264936	0.235468
HG02968	0.234513	0.264860	0.265364	0.235263
HG02970	0.234629	0.264764	0.265318	0.235289
HG02971	0.234747	0.264977	0.265138	0.235138
HG02973	0.234705	0.264910	0.265045	0.235340
HG02974	0.234932	0.264799	0.265117	0.235152
HG02976	0.234736	0.265015	0.265080	0.235169
HG02977	0.234807	0.264758	0.265147	0.235288
HG02979	0.234788	0.264893	0.265078	0.235241
HG02981	0.234767	0.264506	0.265158	0.235569
HG02982	0.234734	0.264809	0.265120	0.235337
HG02983	0.234800	0.264672	0.265097	0.235431
HG03006	0.237808	0.262069	0.261889	0.238234
HG03007	0.237840	0.261750	0.261850	0.238561
HG03009	0.237688	0.261667	0.262005	0.238640
HG03012	0.238019	0.261937	0.261579	0.238465
HG03015	0.238031	0.261793	0.261751	0.238426
HG03016	0.238084	0.261495	0.261677	0.238745
HG03018	0.237876	0.261793	0.261772	0.238560
HG03019	0.238200	0.261801	0.261611	0.238388
HG03021	0.237866	0.261859	0.261894	0.238381
HG03022	0.237777	0.261821	0.261901	0.238502
HG03024	0.234652	0.264757	0.265317	0.235274
HG03025	0.234794	0.264905	0.264977	0.235323
HG03027	0.234797	0.264804	0.265082	0.235317
HG03028	0.234723	0.264882	0.265130	0.235264
HG03039	0.234830	0.264730	0.264939	0.235501
HG03040	0.234892	0.264776	0.265001	0.235331
HG03045	0.234510	0.264797	0.265260	0.235433
HG03046	0.234836	0.264750	0.265037	0.235377
HG03048	0.234817	0.264734	0.264906	0.235544
HG03049	0.234731	0.264712	0.265290	0.235267
HG03052	0.234448	0.265059	0.265455	0.235038
HG03054	0.234516	0.265151	0.265341	0.234992
HG03055	0.234653	0.264992	0.265314	0.235041
HG03057	0.234517	0.264951	0.265324	0.235207
HG03058	0.234612	0.264954	0.265196	0.235239
HG03060	0.234765	0.264724	0.265136	0.235375
HG03061	0.234531	0.264976	0.265148	0.235346
HG03063	0.234694	0.264746	0.265106	0.235455
HG03064	0.234318	0.264990	0.265552	0.235139
HG03066	0.234460	0.264795	0.265293	0.235452
HG03069	0.234357	0.264988	0.265613	0.235042
HG03072	0.234654	0.264987	0.265178	0.235181
HG03073	0.234750	0.264837	0.265126	0.235287
HG03074	0.234611	0.264899	0.265459	0.235031
HG03077	0.234393	0.264925	0.265407	0.235276
HG03078	0.234416	0.265201	0.265287	0.235096
HG03079	0.234412	0.265139	0.265286	0.235164
HG03081	0.234659	0.264919	0.265142	0.235280
HG03082	0.234787	0.264999	0.265061	0.235153
HG03084	0.234417	0.265000	0.265333	0.235249
HG03085	0.234673	0.264878	0.265353	0.235096
HG03086	0.234517	0.264915	0.265417	0.235151
HG03088	0.234559	0.264784	0.265256	0.235401
HG03091	0.234460	0.265100	0.265293	0.235147
HG03095	0.234714	0.264781	0.265333	0.235172
HG03096	0.234463	0.265017	0.265264	0.235256
HG03097	0.234453	0.265062	0.265332	0.235153
HG03099	0.234971	0.264813	0.264920	0.235297
HG03100	0.234790	0.264744	0.265085	0.235381
HG03103	0.234786	0.264775	0.265202	0.235237
HG03105	0.234587	0.265144	0.265224	0.235045
HG03108	0.234836	0.264633	0.265172	0.235359
HG03109	0.234558	0.264972	0.265217	0.235253
HG03111	0.234729	0.264768	0.265277	0.235226
HG03112	0.234721	0.264933	0.265172	0.235174
HG03114	0.234880	0.264798	0.265045	0.235278
HG03115	0.234899	0.264790	0.265035	0.235277
HG03117	0.234903	0.264826	0.264913	0.235358
HG03118	0.234891	0.264732	0.264958	0.235419
HG03120	0.234677	0.264866	0.265215	0.235242
HG03121	0.234709	0.264530	0.265297	0.235464
HG03123	0.234729	0.264945	0.265084	0.235242
HG03124	0.234504	0.264876	0.265289	0.235330
HG03126	0.234693	0.265075	0.265035	0.235197
HG03127	0.234702	0.264777	0.265076	0.235445
HG03129	0.234874	0.264741	0.265059	0.235326
HG03130	0.234632	0.265084	0.265124	0.235160
HG03132	0.234604	0.264705	0.265230	0.235461
HG03133	0.234905	0.264954	0.264985	0.235156
HG03135	0.234721	0.264904	0.265070	0.235305
HG03136	0.234766	0.265143	0.264858	0.235233
HG03139	0.234792	0.264722	0.265122	0.235363
HG03157	0.234650	0.264688	0.265253	0.235409
HG03159	0.234595	0.265130	0.265269	0.235006
HG03160	0.234690	0.264712	0.265324	0.235274
HG03162	0.234650	0.264822	0.265250	0.235279
HG03163	0.234645	0.264852	0.265149	0.235354
HG03166	0.234733	0.264395	0.265114	0.235757
HG03168	0.234713	0.264835	0.265223	0.235228
HG03169	0.234953	0.264946	0.265012	0.235089
HG03172	0.234656	0.264572	0.265061	0.235711
HG03175	0.234757	0.264635	0.265200	0.235409
HG03189	0.234658	0.264974	0.265198	0.235169
HG03190	0.234861	0.264848	0.264918	0.235373
HG03193	0.234588	0.265084	0.265059	0.235269
HG03195	0.234850	0.264856	0.264958	0.235336
HG03196	0.234636	0.264906	0.265180	0.235279
HG03198	0.234721	0.264802	0.265138	0.235339
HG03199	0.234789	0.264682	0.265067	0.235462
HG03202	0.234603	0.264904	0.265261	0.235231
HG03209	0.234387	0.265058	0.265441	0.235114
HG03212	0.234334	0.265025	0.265579	0.235061
HG03224	0.234551	0.264748	0.265351	0.235350
HG03225	0.234390	0.265032	0.265498	0.235080
HG03228	0.237967	0.262138	0.261769	0.238126
HG03229	0.237777	0.261822	0.261885	0.238516
HG03234	0.238026	0.261932	0.261558	0.238483
HG03235	0.238179	0.261870	0.261641	0.238310
HG03237	0.238136	0.261785	0.261660	0.238420
HG03238	0.238068	0.261866	0.261532	0.238534
HG03240	0.234726	0.264605	0.265125	0.235544
HG03241	0.234615	0.264611	0.265246	0.235528
HG03246	0.234958	0.264644	0.264911	0.235487
HG03247	0.234843	0.264916	0.265061	0.235179
HG03258	0.234903	0.264704	0.265024	0.235369
HG03259	0.234825	0.264684	0.264975	0.235516
HG03265	0.234463	0.264718	0.265358	0.235461
HG03267	0.234804	0.264676	0.265179	0.235341
HG03268	0.234948	0.264643	0.264814	0.235595
HG03270	0.234565	0.264646	0.265334	0.235456
HG03271	0.234661	0.264589	0.265256	0.235494
HG03279	0.234779	0.264796	0.265147	0.235278
HG03280	0.234791	0.264772	0.265003	0.235435
HG03291	0.234712	0.264866	0.265121	0.235301
HG03294	0.234866	0.264804	0.264982	0.235348
HG03295	0.234840	0.264974	0.265195	0.234991
HG03297	0.234702	0.264814	0.265260	0.235224
HG03298	0.234646	0.264960	0.265403	0.234991
HG03300	0.234895	0.264799	0.264987	0.235319
HG03301	0.234719	0.264846	0.265028	0.235408
HG03303	0.234676	0.265015	0.265154	0.235156
HG03304	0.234753	0.264869	0.265103	0.235275
HG03311	0.234700	0.264784	0.265115	0.235401
HG03313	0.234582	0.264766	0.265224	0.235428
HG03342	0.234887	0.264793	0.264944	0.235376
HG03343	0.234844	0.264755	0.265077	0.235325
HG03351	0.234591	0.264780	0.265301	0.235328
HG03352	0.234923	0.264843	0.264929	0.235305
HG03354	0.234766	0.264651	0.265166	0.235417
HG03363	0.234753	0.264709	0.265148	0.235390
HG03366	0.234906	0.264847	0.264920	0.235327
HG03367	0.234499	0.264878	0.265450	0.235173
HG03369	0.234925	0.264870	0.265039	0.235165
HG03370	0.234658	0.264931	0.265046	0.235364
HG03372	0.234798	0.265092	0.265026	0.235083
HG03376	0.234475	0.264958	0.265320	0.235247
HG03378	0.234428	0.264709	0.265396	0.235467
HG03380	0.234704	0.264886	0.265131	0.235279
HG03382	0.234600	0.265024	0.265410	0.234966
HG03385	0.234723	0.265222	0.265045	0.235010
HG03388	0.234497	0.264870	0.265230	0.235404
HG03391	0.234424	0.265043	0.265309	0.235224
HG03394	0.234521	0.264825	0.265348	0.235306
HG03397	0.234719	0.264897	0.265284	0.235100
HG03401	0.234327	0.265200	0.265516	0.234957
HG03410	0.234347	0.265145	0.265555	0.234953
HG03419	0.234558	0.264968	0.265326	0.235148
HG03428	0.234509	0.264746	0.265320	0.235425
HG03432	0.234271	0.264872	0.265517	0.235341
HG03433	0.234520	0.265009	0.265280	0.235191
HG03436	0.234713	0.264966	0.265170	0.235151
HG03437	0.234538	0.265010	0.265237	0.235214
HG03439	0.234648	0.264988	0.265196	0.235168
HG03442	0.234625	0.264971	0.265229	0.235175
HG03445	0.234741	0.264790	0.265136	0.235333
HG03446	0.234303	0.264847	0.265607	0.235243
HG03449	0.234527	0.264885	0.265256	0.235332
HG03451	0.234508	0.265047	0.265444	0.235001
HG03452	0.234485	0.264865	0.265425	0.235225
HG03455	0.234523	0.265109	0.265351	0.235017
HG03457	0.234453	0.264809	0.265275	0.235464
HG03458	0.234593	0.264990	0.265308	0.235109
HG03460	0.234579	0.264968	0.265206	0.235247
HG03461	0.234408	0.265296	0.265432	0.234864
HG03464	0.234349	0.264939	0.265340	0.235372
HG03469	0.234401	0.265190	0.265342	0.235067
HG03470	0.234795	0.264831	0.265071	0.235302
HG03472	0.234698	0.265040	0.265124	0.235138
HG03473	0.234523	0.265158	0.265290	0.235029
HG03476	0.234717	0.264953	0.265189	0.235142
HG03478	0.234498	0.265221	0.265148	0.235133
HG03479	0.234514	0.264892	0.265267	0.235327
HG03484	0.234514	0.264944	0.265270	0.235271
HG03485	0.234515	0.265128	0.265215	0.235142
HG03488	0.238282	0.261905	0.261610	0.238203
HG03490	0.237765	0.261922	0.261939	0.238374
HG03491	0.237928	0.261641	0.261830	0.238601
HG03499	0.234975	0.264761	0.265077	0.235187
HG03511	0.234858	0.264771	0.265052	0.235318
HG03514	0.234638	0.264768	0.265193	0.235402
HG03515	0.234787	0.264828	0.264970	0.235415
HG03517	0.234676	0.264902	0.265249	0.235173
HG03518	0.234507	0.264768	0.265431	0.235294
HG03520	0.235090	0.264546	0.264934	0.235430
HG03521	0.234907	0.264854	0.265047	0.235191
HG03538	0.234841	0.264900	0.264981	0.235277
HG03539	0.235056	0.264488	0.264738	0.235718
HG03547	0.234722	0.264769	0.265198	0.235312
HG03548	0.234316	0.264897	0.265718	0.235069
HG03556	0.234785	0.264907	0.265138	0.235169
HG03557	0.234583	0.265054	0.265351	0.235012
HG03558	0.234554	0.265042	0.265302	0.235102
HG03559	0.234607	0.264797	0.265397	0.235199
HG03563	0.234450	0.264921	0.265367	0.235262
HG03565	0.234435	0.264755	0.265391	0.235419
HG03567	0.234559	0.265010	0.265297	0.235133
HG03571	0.234616	0.264847	0.265401	0.235136
HG03572	0.234376	0.265138	0.265367	0.235119
HG03575	0.234492	0.264853	0.265415	0.235240
HG03577	0.234423	0.265067	0.265185	0.235325
HG03578	0.234605	0.265046	0.265111	0.235237
HG03583	0.234503	0.265048	0.265458	0.234992
HG03585	0.237943	0.261632	0.261823	0.238602
HG03589	0.237855	0.261842	0.261936	0.238367
HG03593	0.238127	0.262044	0.261442	0.238388
HG03594	0.238051	0.261762	0.261660	0.238527
HG03595	0.238177	0.261752	0.261660	0.238411
HG03598	0.238143	0.261628	0.261834	0.238395
HG03600	0.238066	0.261590	0.261761	0.238582
HG03603	0.238011	0.261649	0.261799	0.238541
HG03604	0.237944	0.261692	0.261930	0.238433
HG03607	0.237924	0.261665	0.261814	0.238597
HG03611	0.238063	0.261830	0.261641	0.238466
HG03615	0.237863	0.261639	0.261912	0.238585
HG03616	0.237809	0.261607	0.261870	0.238714
HG03619	0.238029	0.261779	0.261700	0.238493
HG03624	0.238162	0.261833	0.261612	0.238394
HG03625	0.237736	0.261879	0.261718	0.238667
HG03629	0.238013	0.261679	0.261852	0.238457
HG03631	0.238123	0.261669	0.261611	0.238598
HG03634	0.237924	0.261776	0.261915	0.238384
HG03636	0.237895	0.261837	0.261923	0.238346
HG03640	0.238074	0.261691	0.261625	0.238611
HG03642	0.237762	0.261905	0.261880	0.238452
HG03643	0.238177	0.261794	0.261654	0.238375
HG03644	0.237937	0.262067	0.261861	0.238135
HG03645	0.237886	0.261953	0.261807	0.238354
HG03646	0.237771	0.261954	0.262038	0.238237
HG03649	0.238095	0.261831	0.261792	0.238282
HG03652	0.237913	0.261773	0.261683	0.238631
HG03653	0.238154	0.261847	0.261662	0.238337
HG03660	0.238019	0.261722	0.261606	0.238653
HG03663	0.238278	0.261589	0.261600	0.238532
HG03667	0.237896	0.261892	0.261868	0.238344
HG03668	0.238170	0.261857	0.261606	0.238366
HG03672	0.237922	0.261676	0.261796	0.238606
HG03673	0.238019	0.261912	0.261754	0.238315
HG03679	0.238042	0.261752	0.261641	0.238565
HG03680	0.237983	0.261926	0.261610	0.238481
HG03681	0.237939	0.261603	0.261735	0.238724
HG03684	0.237774	0.261823	0.261925	0.238478
HG03685	0.237714	0.261883	0.261977	0.238425
HG03686	0.238139	0.261876	0.261660	0.238325
HG03687	0.238034	0.261815	0.261655	0.238496
HG03689	0.238003	0.261768	0.261898	0.238330
HG03690	0.238161	0.261989	0.261523	0.238328
HG03691	0.238033	0.261594	0.261819	0.238554
HG03692	0.237912	0.261780	0.261831	0.238477
HG03693	0.237936	0.261661	0.262112	0.238291
HG03694	0.237933	0.261694	0.261895	0.238478
HG03695	0.237685	0.261922	0.262015	0.238378
HG03696	0.238096	0.261870	0.261770	0.238264
HG03697	0.237954	0.261708	0.261780	0.238558
HG03698	0.238062	0.261786	0.261760	0.238392
HG03702	0.237926	0.261820	0.261673	0.238581
HG03703	0.238139	0.261705	0.261620	0.238535
HG03705	0.237943	0.261802	0.261680	0.238576
HG03706	0.237943	0.261652	0.261839	0.238565
HG03708	0.237664	0.262079	0.261915	0.238342
HG03709	0.237994	0.261877	0.261735	0.238394
HG03711	0.238070	0.261856	0.261774	0.238300
HG03713	0.238101	0.261967	0.261494	0.238438
HG03714	0.237837	0.262044	0.261891	0.238228
HG03716	0.238096	0.261681	0.261756	0.238466
HG03717	0.238146	0.261712	0.261678	0.238464
HG03718	0.237919	0.261749	0.262021	0.238311
HG03720	0.237879	0.262162	0.261952	0.238007
HG03722	0.238019	0.261475	0.261864	0.238642
HG03727	0.237879	0.261883	0.261923	0.238316
HG03729	0.237961	0.261757	0.261650	0.238631
HG03730	0.237856	0.261832	0.262082	0.238229
HG03731	0.238137	0.261710	0.261592	0.238562
HG03733	0.238011	0.261831	0.261715	0.238443
HG03736	0.237716	0.261831	0.261976	0.238476
HG03738	0.238033	0.261867	0.261693	0.238407
HG03740	0.237971	0.261714	0.261735	0.238580
HG03741	0.238117	0.261726	0.261620	0.238537
HG03742	0.237861	0.261658	0.261889	0.238592
HG03743	0.238104	0.262002	0.261509	0.238384
HG03744	0.237971	0.261853	0.261739	0.238437
HG03745	0.238029	0.261877	0.261706	0.238389
HG03746	0.238139	0.261804	0.261540	0.238517
HG03750	0.237865	0.261739	0.261937	0.238459
HG03752	0.237868	0.261959	0.261832	0.238341
HG03753	0.237877	0.262025	0.261814	0.238284
HG03754	0.237940	0.261823	0.261886	0.238352
HG03755	0.237937	0.261888	0.261717	0.238458
HG03756	0.238040	0.261579	0.261704	0.238677
HG03757	0.237823	0.261813	0.261995	0.238369
HG03760	0.237999	0.261985	0.261750	0.238266
HG03762	0.237696	0.261960	0.262077	0.238267
HG03765	0.238070	0.261809	0.261680	0.238441
HG03767	0.238136	0.261869	0.261463	0.238532
HG03770	0.238011	0.261804	0.261821	0.238364
HG03771	0.238055	0.261761	0.261681	0.238504
HG03772	0.237766	0.261886	0.261927	0.238422
HG03773	0.237744	0.261835	0.261888	0.238533
HG03774	0.237761	0.261764	0.261981	0.238494
HG03775	0.238069	0.261724	0.261771	0.238435
HG03777	0.238108	0.261820	0.261587	0.238486
HG03778	0.238013	0.261855	0.261664	0.238468
HG03779	0.238117	0.261745	0.261705	0.238433
HG03780	0.237999	0.261944	0.261752	0.238305
HG03781	0.237993	0.261988	0.261732	0.238287
HG03782	0.237915	0.261711	0.261996	0.238378
HG03784	0.237995	0.261761	0.261798	0.238445
HG03785	0.237942	0.261802	0.261949	0.238307
HG03786	0.237876	0.261594	0.261891	0.238639
HG03787	0.237956	0.261809	0.261815	0.238420
HG03788	0.238034	0.261788	0.261756	0.238422
HG03789	0.238165	0.261915	0.261608	0.238311
HG03790	0.237849	0.261903	0.261854	0.238394
HG03792	0.238092	0.261767	0.261729	0.238412
HG03793	0.238172	0.261671	0.261746	0.238411
HG03796	0.237756	0.261809	0.261967	0.238467
HG03800	0.237900	0.261831	0.261922	0.238347
HG03802	0.237961	0.261553	0.261719	0.238767
HG03803	0.238103	0.261650	0.261812	0.238436
HG03805	0.238043	0.261782	0.261778	0.238397
HG03808	0.238091	0.261694	0.261698	0.238516
HG03809	0.237992	0.261615	0.261777	0.238617
HG03812	0.237893	0.261781	0.261906	0.238420
HG03814	0.238246	0.261772	0.261679	0.238304
HG03815	0.237925	0.261756	0.261862	0.238457
HG03817	0.237787	0.262002	0.261796	0.238415
HG03821	0.238194	0.261696	0.261653	0.238457
HG03823	0.237977	0.261686	0.261840	0.238496
HG03824	0.237995	0.261661	0.261804	0.238540
HG03826	0.238020	0.261739	0.261775	0.238465
HG03829	0.238069	0.261733	0.261715	0.238482
HG03830	0.237995	0.261778	0.261887	0.238340
HG03832	0.237749	0.261940	0.261960	0.238352
HG03833	0.237877	0.262036	0.261771	0.238317
HG03836	0.237901	0.261675	0.261929	0.238495
HG03837	0.237791	0.262091	0.261735	0.238382
HG03838	0.237882	0.261751	0.262029	0.238338
HG03844	0.237859	0.261799	0.261841	0.238501
HG03846	0.237977	0.261841	0.261754	0.238429
HG03848	0.237856	0.261893	0.261671	0.238579
HG03849	0.237847	0.261557	0.261719	0.238878
HG03850	0.237982	0.261587	0.261825	0.238606
HG03851	0.238054	0.261709	0.261610	0.238627
HG03854	0.237738	0.261568	0.262138	0.238556
HG03856	0.238051	0.261671	0.261824	0.238454
HG03857	0.237991	0.262094	0.261638	0.238277
HG03858	0.237919	0.261837	0.261903	0.238340
HG03861	0.237970	0.261801	0.261721	0.238507
HG03862	0.237892	0.261817	0.261825	0.238466
HG03863	0.237860	0.261884	0.261848	0.238408
HG03864	0.237816	0.261978	0.261853	0.238354
HG03866	0.237830	0.261815	0.261916	0.238440
HG03867	0.237940	0.261799	0.261842	0.238418
HG03868	0.237963	0.261680	0.261771	0.238586
HG03869	0.237793	0.261856	0.261849	0.238503
HG03870	0.237775	0.261668	0.262094	0.238463
HG03871	0.237672	0.261789	0.262048	0.238490
HG03872	0.237889	0.261701	0.261848	0.238562
HG03873	0.237969	0.261605	0.261677	0.238750
HG03874	0.237782	0.261759	0.261836	0.238623
HG03875	0.237925	0.261905	0.261784	0.238386
HG03882	0.237973	0.261759	0.261753	0.238515
HG03884	0.237767	0.261937	0.261885	0.238411
HG03885	0.237929	0.261763	0.261911	0.238398
HG03886	0.238150	0.261788	0.261580	0.238483
HG03887	0.238106	0.261774	0.261706	0.238414
HG03888	0.237946	0.261728	0.261872	0.238453
HG03890	0.238016	0.261867	0.261839	0.238279
HG03894	0.237771	0.261971	0.262094	0.238165
HG03895	0.237792	0.261641	0.261846	0.238721
HG03896	0.237879	0.261695	0.261904	0.238523
HG03897	0.237728	0.261854	0.261897	0.238522
HG03898	0.238037	0.261542	0.261889	0.238532
HG03899	0.237982	0.261894	0.261687	0.238437
HG03900	0.237685	0.261887	0.261808	0.238620
HG03902	0.238088	0.261768	0.261635	0.238508
HG03905	0.238005	0.261793	0.261684	0.238518
HG03907	0.238112	0.261662	0.261756	0.238470
HG03908	0.237852	0.261861	0.261842	0.238446
HG03910	0.238287	0.261974	0.261536	0.238203
HG03911	0.237969	0.261753	0.261722	0.238557
HG03913	0.237929	0.261482	0.261850	0.238739
HG03914	0.237767	0.262073	0.262002	0.238158
HG03916	0.237835	0.261744	0.261961	0.238461
HG03917	0.237874	0.261826	0.261830	0.238470
HG03919	0.237688	0.261817	0.261822	0.238673
HG03920	0.238165	0.261794	0.261604	0.238437
HG03922	0.237901	0.261936	0.261905	0.238257
HG03925	0.237971	0.261935	0.261804	0.238290
HG03926	0.237892	0.261780	0.261987	0.238341
HG03928	0.237894	0.261713	0.261863	0.238530
HG03931	0.238033	0.261504	0.261721	0.238741
HG03934	0.238124	0.261865	0.261700	0.238312
HG03937	0.238204	0.261757	0.261524	0.238515
HG03940	0.237940	0.261630	0.261786	0.238643
HG03941	0.237814	0.261817	0.261906	0.238463
HG03943	0.237791	0.261761	0.261978	0.238469
HG03944	0.237757	0.262148	0.261905	0.238190
HG03945	0.237930	0.261746	0.261762	0.238561
HG03947	0.238028	0.261715	0.261729	0.238527
HG03949	0.238024	0.261918	0.261639	0.238420
HG03950	0.237801	0.262031	0.261818	0.238350
HG03951	0.238085	0.261831	0.261660	0.238424
HG03953	0.237843	0.261770	0.261990	0.238397
HG03955	0.237766	0.262035	0.261897	0.238302
HG03960	0.237904	0.261943	0.261844	0.238309
HG03963	0.237939	0.261682	0.261720	0.238659
HG03965	0.237895	0.261772	0.262044	0.238289
HG03967	0.238153	0.261591	0.261640	0.238616
HG03968	0.237693	0.261679	0.262043	0.238585
HG03969	0.237968	0.261707	0.261774	0.238551
HG03971	0.237743	0.261687	0.262030	0.238540
HG03973	0.238056	0.261926	0.261743	0.238275
HG03974	0.237904	0.261546	0.261916	0.238634
HG03976	0.237815	0.261783	0.261883	0.238520
HG03977	0.237689	0.261796	0.262124	0.238391
HG03978	0.238085	0.261569	0.261794	0.238552
HG03985	0.237919	0.261875	0.261946	0.238259
HG03986	0.238192	0.261725	0.261468	0.238615
HG03989	0.237976	0.261715	0.261831	0.238478
HG03990	0.238189	0.261770	0.261701	0.238339
HG03991	0.237996	0.261733	0.261785	0.238486
HG03995	0.238005	0.262049	0.261652	0.238294
HG03998	0.237853	0.261850	0.261712	0.238584
HG03999	0.238071	0.261839	0.261693	0.238397
HG04001	0.238003	0.261797	0.261923	0.238277
HG04002	0.237868	0.261830	0.261854	0.238448
HG04003	0.237984	0.261792	0.261751	0.238473
HG04006	0.237761	0.261967	0.261883	0.238389
HG04014	0.237900	0.262128	0.261565	0.238408
HG04015	0.237905	0.262013	0.261753	0.238328
HG04017	0.237915	0.261648	0.261938	0.238499
HG04018	0.237865	0.261713	0.261939	0.238483
HG04019	0.237984	0.261677	0.261733	0.238606
HG04020	0.237830	0.261699	0.261854	0.238617
HG04022	0.238073	0.261562	0.261690	0.238675
HG04023	0.238006	0.261882	0.261785	0.238326
HG04025	0.237791	0.261900	0.261754	0.238555
HG04026	0.237919	0.261781	0.261838	0.238462
HG04029	0.237872	0.261837	0.261808	0.238483
HG04033	0.237754	0.261772	0.261780	0.238694
HG04035	0.237990	0.261880	0.261606	0.238525
HG04038	0.238079	0.261640	0.261765	0.238517
HG04039	0.237721	0.261814	0.261969	0.238496
HG04042	0.238095	0.261578	0.261750	0.238577
HG04047	0.238062	0.261783	0.261721	0.238434
HG04054	0.237870	0.261625	0.262016	0.238489
HG04056	0.237803	0.261941	0.261983	0.238273
HG04059	0.238128	0.261787	0.261864	0.238220
HG04060	0.237834	0.261583	0.261948	0.238634
HG04061	0.237806	0.261808	0.261804	0.238582
HG04062	0.237831	0.261721	0.262007	0.238442
HG04063	0.238237	0.261651	0.261603	0.238509
HG04070	0.238066	0.261615	0.261660	0.238659
HG04075	0.237997	0.261559	0.261856	0.238588
HG04076	0.237786	0.261781	0.261920	0.238513
HG04080	0.237926	0.261917	0.261619	0.238539
HG04090	0.237829	0.261856	0.261949	0.238366
HG04093	0.237761	0.261821	0.261928	0.238490
HG04094	0.237881	0.261855	0.261879	0.238385
HG04096	0.237745	0.261810	0.261841	0.238605
HG04098	0.237814	0.261870	0.261902	0.238414
HG04099	0.237842	0.261762	0.261934	0.238462
HG04100	0.238044	0.261971	0.261754	0.238232
HG04106	0.238072	0.261852	0.261707	0.238369
HG04107	0.238022	0.261856	0.261772	0.238351
HG04118	0.237931	0.261866	0.261737	0.238466
HG04131	0.237885	0.262003	0.261769	0.238343
HG04134	0.237966	0.261982	0.261887	0.238166
HG04140	0.238005	0.262034	0.261839	0.238122
HG04141	0.237702	0.261817	0.262011	0.238470
HG04144	0.237988	0.261903	0.261653	0.238456
HG04146	0.237917	0.261785	0.261614	0.238684
HG04152	0.238058	0.261772	0.261645	0.238526
HG04153	0.237928	0.261669	0.261911	0.238492
HG04155	0.238024	0.261821	0.261650	0.238505
HG04156	0.237885	0.261728	0.261762	0.238625
HG04158	0.238042	0.261873	0.261686	0.238399
HG04159	0.238059	0.261897	0.261649	0.238394
HG04161	0.237964	0.261907	0.261819	0.238309
HG04162	0.237977	0.261678	0.261923	0.238421
HG04164	0.238013	0.261828	0.261951	0.238207
HG04171	0.238083	0.262040	0.261567	0.238310
HG04173	0.238032	0.261725	0.261577	0.238666
HG04176	0.237667	0.262064	0.261963	0.238306
HG04177	0.237955	0.261845	0.261796	0.238404
HG04180	0.237888	0.261614	0.261808	0.238690
HG04182	0.237898	0.262086	0.261654	0.238363
HG04183	0.237879	0.261672	0.261740	0.238709
HG04185	0.237899	0.261689	0.261980	0.238432
HG04186	0.237983	0.261769	0.261829	0.238418
HG04188	0.237746	0.261713	0.261872	0.238669
HG04189	0.238083	0.262060	0.261733	0.238124
HG04194	0.237843	0.261676	0.261811	0.238670
HG04195	0.237751	0.261801	0.261964	0.238483
HG04198	0.237801	0.261905	0.261805	0.238489
HG04200	0.238056	0.262041	0.261706	0.238197
HG04202	0.238131	0.261726	0.261684	0.238458
HG04206	0.237780	0.261959	0.261815	0.238445
HG04209	0.238096	0.261653	0.261704	0.238548
HG04210	0.237912	0.261986	0.261686	0.238416
HG04211	0.238068	0.261745	0.261752	0.238435
HG04212	0.237915	0.261799	0.261801	0.238485
HG04214	0.237892	0.261637	0.261868	0.238602
HG04216	0.238032	0.261744	0.261797	0.238427
HG04219	0.237935	0.261845	0.261781	0.238440
HG04222	0.238115	0.261739	0.261536	0.238610
HG04225	0.238012	0.261757	0.261741	0.238490
HG04227	0.237854	0.261874	0.261871	0.238400
HG04229	0.237979	0.261856	0.261654	0.238511
HG04235	0.237807	0.261627	0.261786	0.238780
HG04238	0.238013	0.261966	0.261538	0.238483
HG04239	0.237947	0.261755	0.261948	0.238349
NA06984	0.238140	0.261486	0.261620	0.238754
NA06985	0.238045	0.261954	0.261643	0.238357
NA06986	0.238183	0.261397	0.261868	0.238553
NA06989	0.238115	0.261725	0.261609	0.238551
NA06994	0.238224	0.261528	0.261656	0.238592
NA07000	0.238001	0.261621	0.261736	0.238642
NA07037	0.238016	0.261675	0.261601	0.238708
NA07048	0.238183	0.261453	0.261653	0.238711
NA07051	0.237915	0.261846	0.261803	0.238437
NA07056	0.237737	0.261975	0.261852	0.238436
NA07347	0.238028	0.261655	0.261718	0.238599
NA07357	0.237814	0.261525	0.261900	0.238762
NA10847	0.238054	0.261631	0.261592	0.238723
NA10851	0.238137	0.261850	0.261532	0.238481
NA11829	0.237898	0.261599	0.261731	0.238771
NA11830	0.238188	0.261626	0.261491	0.238696
NA11831	0.237915	0.262099	0.261750	0.238236
NA11832	0.238053	0.261904	0.261700	0.238343
NA11840	0.238219	0.261758	0.261580	0.238443
NA11843	0.237989	0.261746	0.261698	0.238567
NA11881	0.237988	0.261556	0.261806	0.238650
NA11892	0.238185	0.261715	0.261519	0.238581
NA11893	0.238241	0.261673	0.261690	0.238396
NA11894	0.238099	0.261981	0.261400	0.238519
NA11918	0.238114	0.261644	0.261609	0.238633
NA11919	0.238107	0.261651	0.261785	0.238457
NA11920	0.238131	0.261731	0.261704	0.238434
NA11930	0.237912	0.261756	0.261864	0.238468
NA11931	0.238055	0.261830	0.261750	0.238366
NA11932	0.238067	0.261889	0.261720	0.238324
NA11933	0.238097	0.261819	0.261673	0.238411
NA11992	0.238047	0.261759	0.261829	0.238364
NA11994	0.238100	0.261753	0.261694	0.238452
NA11995	0.238178	0.261746	0.261565	0.238510
NA12003	0.237961	0.261787	0.261804	0.238447
NA12004	0.238065	0.261694	0.261588	0.238654
NA12005	0.238266	0.261754	0.261603	0.238377
NA12006	0.238150	0.261614	0.261686	0.238549
NA12043	0.238245	0.261311	0.261580	0.238865
NA12044	0.238072	0.261741	0.261605	0.238582
NA12045	0.237757	0.261911	0.261941	0.238391
NA12046	0.238081	0.261697	0.261811	0.238411
NA12058	0.238218	0.261607	0.261575	0.238601
NA12144	0.237898	0.261783	0.261747	0.238572
NA12154	0.237914	0.261665	0.261808	0.238613
NA12155	0.238059	0.261594	0.261608	0.238739
NA12156	0.237945	0.261483	0.261801	0.238772
NA12234	0.238314	0.261637	0.261552	0.238497
NA12249	0.237968	0.261654	0.261765	0.238612
NA12272	0.237837	0.262033	0.261845	0.238285
NA12273	0.237858	0.261719	0.261766	0.238657
NA12275	0.238169	0.261857	0.261577	0.238398
NA12282	0.237977	0.261887	0.261837	0.238299
NA12283	0.238311	0.261675	0.261596	0.238418
NA12286	0.238187	0.261985	0.261533	0.238294
NA12287	0.238045	0.261918	0.261745	0.238293
NA12340	0.238193	0.261799	0.261462	0.238546
NA12341	0.238031	0.261814	0.261934	0.238221
NA12342	0.238091	0.261679	0.261770	0.238461
NA12347	0.237997	0.261758	0.261647	0.238598
NA12348	0.238082	0.261594	0.261732	0.238592
NA12383	0.237974	0.261838	0.261895	0.238293
NA12399	0.238106	0.261721	0.261664	0.238509
NA12400	0.238056	0.261704	0.261763	0.238477
NA12413	0.238064	0.261807	0.261507	0.238622
NA12414	0.238006	0.261691	0.261824	0.238479
NA12489	0.238017	0.261923	0.261708	0.238352
NA12546	0.238203	0.261827	0.261494	0.238476
NA12716	0.238113	0.261540	0.261704	0.238642
NA12717	0.238203	0.261862	0.261765	0.238170
NA12718	0.237903	0.261836	0.261811	0.238450
NA12748	0.238039	0.261926	0.261628	0.238406
NA12749	0.237959	0.261697	0.261773	0.238572
NA12750	0.237944	0.261591	0.261736	0.238730
NA12751	0.237837	0.261652	0.261948	0.238563
NA12760	0.237854	0.261758	0.261851	0.238537
NA12761	0.237820	0.262043	0.261833	0.238304
NA12762	0.238025	0.261644	0.261664	0.238667
NA12763	0.237902	0.261974	0.261807	0.238317
NA12775	0.238025	0.261618	0.261788	0.238569
NA12776	0.238184	0.261779	0.261579	0.238458
NA12777	0.238174	0.261789	0.261643	0.238394
NA12778	0.238104	0.261512	0.261750	0.238634
NA12812	0.238047	0.261591	0.261762	0.238600
NA12813	0.238097	0.261817	0.261773	0.238312
NA12814	0.238146	0.261793	0.261529	0.238531
NA12815	0.237818	0.261930	0.261914	0.238338
NA12827	0.238116	0.261664	0.261782	0.238438
NA12828	0.238065	0.261829	0.261554	0.238553
NA12829	0.237956	0.261912	0.261759	0.238373
NA12830	0.237925	0.261874	0.261702	0.238498
NA12842	0.237730	0.261902	0.261814	0.238554
NA12843	0.238192	0.261715	0.261483	0.238609
NA12872	0.238090	0.261681	0.261726	0.238503
NA12873	0.238268	0.261850	0.261481	0.238401
NA12874	0.237998	0.261650	0.261847	0.238505
NA12878	0.237977	0.261708	0.261829	0.238486
NA12889	0.238166	0.261741	0.261617	0.238476
NA12890	0.238106	0.261445	0.261781	0.238667
NA18486	0.234718	0.264904	0.265198	0.235179
NA18488	0.234861	0.264853	0.264952	0.235334
NA18489	0.234739	0.264807	0.265122	0.235332
NA18498	0.234718	0.264769	0.265136	0.235377
NA18499	0.235053	0.264850	0.264913	0.235184
NA18501	0.234778	0.265129	0.264886	0.235207
NA18502	0.234660	0.264476	0.265253	0.235612
NA18504	0.234797	0.264654	0.265079	0.235471
NA18505	0.234781	0.264685	0.265185	0.235349
NA18507	0.234843	0.264897	0.265049	0.235211
NA18508	0.234912	0.264705	0.265055	0.235328
NA18510	0.234768	0.264662	0.265225	0.235345
NA18511	0.234718	0.264750	0.265136	0.235396
NA18516	0.234796	0.264606	0.265120	0.235478
NA18517	0.234708	0.264852	0.264978	0.235462
NA18519	0.234694	0.264906	0.265083	0.235317
NA18520	0.234882	0.264802	0.265049	0.235268
NA18522	0.234857	0.264763	0.265055	0.235326
NA18523	0.234702	0.265076	0.265283	0.234939
NA18525	0.238066	0.261590	0.261736	0.238609
NA18526	0.238160	0.261528	0.261632	0.238681
NA18528	0.237985	0.261484	0.261850	0.238681
NA18530	0.237840	0.261450	0.261925	0.238785
NA18531	0.238139	0.261461	0.261750	0.238649
NA18532	0.238091	0.261439	0.261613	0.238856
NA18533	0.238222	0.261530	0.261711	0.238536
NA18534	0.237753	0.261634	0.261936	0.238676
NA18535	0.238085	0.261244	0.261846	0.238825
NA18536	0.238321	0.261409	0.261609	0.238661
NA18537	0.238104	0.261577	0.261718	0.238601
NA18538	0.238048	0.261621	0.261671	0.238661
NA18539	0.238184	0.261436	0.261717	0.238664
NA18541	0.238310	0.261671	0.261587	0.238432
NA18542	0.237918	0.261388	0.261846	0.238848
NA18543	0.238071	0.261449	0.261810	0.238670
NA18544	0.238151	0.261442	0.261726	0.238681
NA18545	0.237926	0.261429	0.261624	0.239020
NA18546	0.238237	0.261465	0.261548	0.238750
NA18547	0.237930	0.261466	0.261825	0.238779
NA18548	0.238097	0.261375	0.261651	0.238877
NA18549	0.238221	0.261491	0.261621	0.238668
NA18550	0.238200	0.261440	0.261643	0.238717
NA18552	0.238172	0.261427	0.261695	0.238706
NA18553	0.238269	0.261490	0.261559	0.238683
NA18555	0.238156	0.261554	0.261699	0.238591
NA18557	0.238000	0.261288	0.261771	0.238941
NA18558	0.238077	0.261548	0.261585	0.238789
NA18559	0.238064	0.261473	0.261711	0.238752
NA18560	0.238097	0.261543	0.261748	0.238612
NA18561	0.238244	0.261443	0.261566	0.238747
NA18562	0.238058	0.261344	0.261774	0.238824
NA18563	0.238116	0.261354	0.261774	0.238756
NA18564	0.238103	0.261303	0.261849	0.238745
NA18565	0.238094	0.261388	0.261765	0.238753
NA18566	0.238166	0.261564	0.261694	0.238576
NA18567	0.238027	0.261420	0.261756	0.238797
NA18570	0.238498	0.261338	0.261333	0.238830
NA18571	0.238281	0.261582	0.261596	0.238540
NA18572	0.237920	0.261329	0.261819	0.238932
NA18573	0.238044	0.261533	0.261798	0.238625
NA18574	0.238221	0.261750	0.261475	0.238554
NA18577	0.238110	0.261476	0.261774	0.238640
NA18579	0.238212	0.261454	0.261730	0.238604
NA18582	0.238023	0.261473	0.261707	0.238798
NA18591	0.238245	0.261436	0.261528	0.238791
NA18592	0.238135	0.261444	0.261588	0.238833
NA18593	0.238064	0.261484	0.261720	0.238732
NA18595	0.238236	0.261431	0.261713	0.238620
NA18596	0.238182	0.261576	0.261625	0.238618
NA18597	0.238316	0.261398	0.261503	0.238783
NA18599	0.238101	0.261680	0.261692	0.238527
NA18602	0.238108	0.261531	0.261791	0.238570
NA18603	0.238000	0.261473	0.261694	0.238833
NA18605	0.237963	0.261623	0.261991	0.238423
NA18606	0.238072	0.261552	0.261735	0.238641
NA18608	0.238145	0.261565	0.261587	0.238703
NA18609	0.238075	0.261559	0.261597	0.238768
NA18610	0.238211	0.261392	0.261525	0.238871
NA18611	0.238009	0.261555	0.261830	0.238605
NA18612	0.238141	0.261471	0.261686	0.238701
NA18613	0.238117	0.261571	0.261573	0.238739
NA18614	0.238199	0.261357	0.261528	0.238916
NA18615	0.238100	0.261570	0.261837	0.238493
NA18616	0.238226	0.261338	0.261607	0.238829
NA18617	0.238131	0.261499	0.261730	0.238640
NA18618	0.237914	0.261329	0.261877	0.238880
NA18619	0.238103	0.261450	0.261737	0.238709
NA18620	0.238275	0.261399	0.261533	0.238794
NA18621	0.238213	0.261644	0.261570	0.238574
NA18622	0.238247	0.261429	0.261560	0.238764
NA18623	0.238168	0.261501	0.261659	0.238672
NA18624	0.238244	0.261546	0.261717	0.238494
NA18625	0.238139	0.261539	0.261772	0.238550
NA18626	0.237973	0.261507	0.261701	0.238818
NA18627	0.238158	0.261357	0.261657	0.238828
NA18628	0.238242	0.261384	0.261554	0.238819
NA18629	0.238136	0.261616	0.261703	0.238546
NA18630	0.238072	0.261433	0.261698	0.238797
NA18631	0.238250	0.261360	0.261650	0.238741
NA18632	0.238231	0.261514	0.261562	0.238692
NA18633	0.238044	0.261378	0.261778	0.238800
NA18634	0.238008	0.261450	0.261850	0.238692
NA18635	0.238147	0.261589	0.261839	0.238425
NA18636	0.238106	0.261484	0.261767	0.238644
NA18637	0.238126	0.261379	0.261696	0.238799
NA18638	0.238147	0.261476	0.261413	0.238964
NA18639	0.238167	0.261338	0.261638	0.238856
NA18640	0.238201	0.261407	0.261759	0.238632
NA18641	0.237979	0.261498	0.261775	0.238748
NA18642	0.237999	0.261407	0.261775	0.238819
NA18643	0.238027	0.261665	0.261715	0.238593
NA18644	0.238207	0.261403	0.261631	0.238760
NA18645	0.238202	0.261317	0.261614	0.238866
NA18646	0.238058	0.261347	0.261805	0.238790
NA18647	0.238053	0.261712	0.261757	0.238479
NA18648	0.238061	0.261497	0.261873	0.238569
NA18740	0.238100	0.261473	0.261649	0.238778
NA18745	0.238029	0.261409	0.261770	0.238792
NA18747	0.238074	0.261541	0.261759	0.238626
NA18748	0.238188	0.261299	0.261702	0.238811
NA18749	0.238044	0.261628	0.261708	0.238620
NA18757	0.238230	0.261634	0.261512	0.238624
NA18853	0.234763	0.264867	0.265012	0.235357
NA18856	0.234819	0.264830	0.265164	0.235187
NA18858	0.234653	0.265048	0.265011	0.235287
NA18861	0.234549	0.264774	0.265253	0.235423
NA18864	0.234649	0.264802	0.265209	0.235340
NA18865	0.234733	0.264762	0.265189	0.235316
NA18867	0.234696	0.264847	0.265150	0.235307
NA18868	0.234872	0.264616	0.265030	0.235482
NA18870	0.234483	0.264870	0.265342	0.235305
NA18871	0.234916	0.264631	0.264965	0.235487
NA18873	0.234796	0.264854	0.265147	0.235203
NA18874	0.234733	0.265027	0.265100	0.235139
NA18876	0.234760	0.264749	0.265135	0.235356
NA18877	0.234713	0.264656	0.265107	0.235524
NA18878	0.234584	0.264662	0.265355	0.235399
NA18879	0.234521	0.264905	0.265256	0.235317
NA18881	0.234771	0.264720	0.265127	0.235382
NA18907	0.234599	0.264664	0.265201	0.235535
NA18908	0.234696	0.264699	0.265143	0.235461
NA18909	0.234667	0.264677	0.265216	0.235440
NA18910	0.234766	0.264533	0.265142	0.235558
NA18912	0.234774	0.264923	0.264889	0.235414
NA18915	0.234871	0.264769	0.265188	0.235172
NA18916	0.234663	0.265062	0.265030	0.235245
NA18917	0.234615	0.264863	0.265424	0.235098
NA18923	0.234700	0.264926	0.265104	0.235270
NA18924	0.234830	0.264632	0.265115	0.235422
NA18933	0.234690	0.264971	0.265072	0.235266
NA18934	0.234808	0.264662	0.265151	0.235379
NA18939	0.238110	0.261756	0.261634	0.238501
NA18940	0.237965	0.261411	0.261743	0.238881
NA18941	0.238005	0.261353	0.261839	0.238804
NA18942	0.238185	0.261383	0.261553	0.238879
NA18943	0.238137	0.261555	0.261788	0.238519
NA18944	0.238124	0.261537	0.261689	0.238650
NA18945	0.238161	0.261339	0.261746	0.238755
NA18946	0.237884	0.261428	0.262037	0.238651
NA18947	0.238183	0.261574	0.261736	0.238508
NA18948	0.238146	0.261452	0.261592	0.238810
NA18949	0.238173	0.261464	0.261832	0.238531
NA18950	0.238050	0.261737	0.261755	0.238459
NA18951	0.237982	0.261454	0.261801	0.238763
NA18952	0.238116	0.261468	0.261701	0.238715
NA18953	0.238201	0.261558	0.261571	0.238671
NA18954	0.237858	0.261552	0.261767	0.238823
NA18956	0.237862	0.261570	0.261953	0.238615
NA18957	0.237999	0.261620	0.261730	0.238651
NA18959	0.238195	0.261644	0.261637	0.238524
NA18960	0.237969	0.261474	0.261734	0.238823
NA18961	0.238157	0.261244	0.261602	0.238997
NA18962	0.238126	0.261406	0.261674	0.238794
NA18963	0.237975	0.261366	0.261826	0.238834
NA18964	0.238204	0.261581	0.261586	0.238630
NA18965	0.238007	0.261537	0.261713	0.238743
NA18966	0.237872	0.261525	0.261825	0.238778
NA18967	0.238239	0.261284	0.261507	0.238970
NA18968	0.237934	0.261640	0.261892	0.238534
NA18969	0.237959	0.261504	0.261746	0.238792
NA18970	0.238261	0.261530	0.261668	0.238542
NA18971	0.238398	0.261317	0.261547	0.238738
NA18972	0.238051	0.261440	0.261800	0.238708
NA18973	0.238023	0.261431	0.261732	0.238813
NA18974	0.238066	0.261472	0.261733	0.238728
NA18975	0.237942	0.261308	0.261911	0.238839
NA18976	0.238281	0.261514	0.261641	0.238563
NA18977	0.238212	0.261658	0.261603	0.238527
NA18978	0.237997	0.261643	0.261743	0.238617
NA18979	0.238149	0.261874	0.261513	0.238465
NA18980	0.237868	0.261649	0.261675	0.238808
NA18981	0.238137	0.261663	0.261659	0.238541
NA18982	0.237989	0.261629	0.261915	0.238467
NA18983	0.238207	0.261546	0.261510	0.238737
NA18984	0.238151	0.261570	0.261635	0.238644
NA18985	0.238052	0.261366	0.261752	0.238830
NA18986	0.238201	0.261558	0.261620	0.238622
NA18987	0.238206	0.261571	0.261588	0.238635
NA18988	0.238307	0.261509	0.261467	0.238717
NA18989	0.238149	0.261509	0.261592	0.238749
NA18990	0.238264	0.261331	0.261486	0.238919
NA18991	0.238222	0.261453	0.261752	0.238573
NA18992	0.238057	0.261635	0.261651	0.238657
NA18993	0.238025	0.261359	0.261716	0.238900
NA18994	0.238161	0.261566	0.261620	0.238653
NA18995	0.238000	0.261427	0.261824	0.238748
NA18997	0.238278	0.261420	0.261556	0.238746
NA18998	0.238061	0.261573	0.261656	0.238710
NA18999	0.238222	0.261575	0.261449	0.238755
NA19000	0.238069	0.261470	0.261623	0.238838
NA19001	0.238034	0.261449	0.261628	0.238889
NA19002	0.238090	0.261502	0.261688	0.238720
NA19003	0.238137	0.261489	0.261543	0.238831
NA19004	0.238084	0.261609	0.261666	0.238641
NA19005	0.238134	0.261663	0.261646	0.238556
NA19006	0.238204	0.261338	0.261804	0.238654
NA19007	0.238291	0.261354	0.261699	0.238656
NA19009	0.238196	0.261488	0.261574	0.238742
NA19010	0.238224	0.261505	0.261489	0.238782
NA19011	0.238099	0.261660	0.261634	0.238607
NA19012	0.238012	0.261314	0.261814	0.238860
NA19017	0.234890	0.264562	0.264991	0.235557
NA19019	0.234809	0.264649	0.265205	0.235337
NA19020	0.234678	0.264832	0.265055	0.235435
NA19023	0.234685	0.264725	0.265145	0.235445
NA19024	0.234648	0.264951	0.265284	0.235117
NA19025	0.234795	0.264934	0.265151	0.235119
NA19026	0.235023	0.264842	0.264709	0.235426
NA19027	0.234911	0.264517	0.265072	0.235499
NA19028	0.234515	0.264845	0.265464	0.235176
NA19030	0.234793	0.264685	0.265009	0.235514
NA19031	0.234768	0.264700	0.265306	0.235226
NA19035	0.234995	0.264721	0.264854	0.235429
NA19036	0.234676	0.265016	0.265124	0.235184
NA19037	0.234674	0.264999	0.265093	0.235234
NA19038	0.234744	0.264670	0.265107	0.235479
NA19041	0.234692	0.264789	0.265077	0.235442
NA19042	0.234923	0.264730	0.265100	0.235248
NA19043	0.234905	0.264763	0.265035	0.235298
NA19054	0.237906	0.261462	0.261712	0.238920
NA19055	0.238175	0.261849	0.261635	0.238341
NA19056	0.237998	0.261364	0.261852	0.238786
NA19057	0.238210	0.261441	0.261548	0.238801
NA19058	0.238007	0.261777	0.261585	0.238631
NA19059	0.238273	0.261544	0.261557	0.238627
NA19060	0.238039	0.261503	0.261730	0.238728
NA19062	0.238174	0.261384	0.261563	0.238879
NA19063	0.237990	0.261379	0.261835	0.238796
NA19064	0.238060	0.261566	0.261646	0.238728
NA19065	0.238035	0.261305	0.261594	0.239067
NA19066	0.238192	0.261481	0.261572	0.238756
NA19067	0.237999	0.261618	0.261726	0.238657
NA19068	0.238166	0.261580	0.261681	0.238574
NA19070	0.238101	0.261543	0.261738	0.238618
NA19072	0.238230	0.261597	0.261582	0.238590
NA19074	0.238033	0.261544	0.261772	0.238651
NA19075	0.238386	0.261403	0.261517	0.238694
NA19076	0.238242	0.261328	0.261572	0.238857
NA19077	0.238035	0.261556	0.261742	0.238667
NA19078	0.237988	0.261600	0.261864	0.238547
NA19079	0.238257	0.261285	0.261586	0.238871
NA19080	0.238031	0.261776	0.261656	0.238537
NA19081	0.238370	0.261432	0.261468	0.238730
NA19082	0.237998	0.261438	0.261728	0.238836
NA19083	0.238069	0.261583	0.261740	0.238608
NA19084	0.238190	0.261443	0.261610	0.238756
NA19085	0.238144	0.261502	0.261568	0.238786
NA19086	0.237999	0.261315	0.261827	0.238859
NA19087	0.238039	0.261614	0.261775	0.238572
NA19088	0.238204	0.261567	0.261619	0.238611
NA19089	0.238131	0.261535	0.261675	0.238659
NA19090	0.238272	0.261314	0.261732	0.238683
NA19091	0.238056	0.261294	0.261762	0.238888
NA19092	0.234834	0.264569	0.265192	0.235405
NA19093	0.234837	0.264580	0.265141	0.235442
NA19095	0.234761	0.264821	0.265136	0.235281
NA19096	0.234639	0.264662	0.265367	0.235332
NA19098	0.234922	0.264683	0.264818	0.235578
NA19099	0.234859	0.264789	0.265128	0.235224
NA19102	0.234705	0.264882	0.265076	0.235337
NA19107	0.234567	0.264761	0.265176	0.235496
NA19108	0.234931	0.264666	0.264973	0.235430
NA19113	0.234751	0.264936	0.265037	0.235277
NA19114	0.234874	0.264604	0.265146	0.235376
NA19116	0.234731	0.264714	0.265066	0.235489
NA19117	0.234879	0.264788	0.265019	0.235314
NA19118	0.234919	0.264625	0.265014	0.235442
NA19119	0.234729	0.264623	0.265237	0.235411
NA19121	0.234789	0.264651	0.265041	0.235519
NA19129	0.234893	0.264708	0.264952	0.235447
NA19130	0.234908	0.264754	0.264927	0.235411
NA19131	0.234797	0.264669	0.265018	0.235517
NA19137	0.234465	0.264636	0.265470	0.235429
NA19138	0.234682	0.264880	0.265307	0.235130
NA19141	0.234692	0.264987	0.265074	0.235247
NA19143	0.234930	0.264883	0.264990	0.235197
NA19144	0.234616	0.264718	0.265220	0.235446
NA19146	0.234680	0.265066	0.265075	0.235179
NA19147	0.234595	0.264704	0.265253	0.235447
NA19149	0.234563	0.264683	0.265207	0.235548
NA19152	0.234726	0.264961	0.265262	0.235050
NA19153	0.234827	0.264890	0.265086	0.235198
NA19159	0.234741	0.265052	0.265124	0.235083
NA19160	0.234411	0.264779	0.265280	0.235529
NA19171	0.234740	0.264566	0.265098	0.235596
NA19172	0.234657	0.265018	0.265138	0.235186
NA19175	0.234725	0.265045	0.265139	0.235091
NA19184	0.234873	0.264815	0.265030	0.235282
NA19185	0.234791	0.264864	0.265109	0.235236
NA19189	0.234719	0.264980	0.265241	0.235060
NA19190	0.234853	0.264767	0.265022	0.235358
NA19197	0.234865	0.264457	0.265079	0.235600
NA19198	0.234712	0.264855	0.265126	0.235306
NA19200	0.234744	0.264822	0.265244	0.235191
NA19201	0.234664	0.264666	0.265251	0.235419
NA19204	0.234617	0.264812	0.265107	0.235465
NA19206	0.234795	0.264833	0.265091	0.235280
NA19207	0.234924	0.264728	0.264952	0.235395
NA19209	0.234539	0.264884	0.265407	0.235169
NA19210	0.234956	0.264785	0.264969	0.235290
NA19213	0.234812	0.264694	0.265088	0.235406
NA19214	0.234796	0.264721	0.265057	0.235426
NA19222	0.234489	0.264861	0.265283	0.235367
NA19223	0.234657	0.264874	0.265221	0.235248
NA19225	0.234735	0.264770	0.265070	0.235425
NA19235	0.234535	0.264978	0.265069	0.235418
NA19236	0.234637	0.264752	0.265108	0.235503
NA19238	0.234670	0.264792	0.265193	0.235345
NA19239	0.234713	0.264756	0.265121	0.235410
NA19247	0.234691	0.264723	0.265177	0.235409
NA19248	0.234792	0.264929	0.265029	0.235251
NA19256	0.234897	0.264615	0.265017	0.235470
NA19257	0.234724	0.264677	0.265177	0.235422
NA19307	0.234857	0.264672	0.264954	0.235517
NA19308	0.234707	0.264751	0.265149	0.235393
NA19309	0.234696	0.264724	0.264996	0.235584
NA19310	0.234760	0.264899	0.265047	0.235295
NA19312	0.234803	0.264739	0.265037	0.235420
NA19314	0.235065	0.264471	0.264901	0.235562
NA19315	0.234923	0.264643	0.264960	0.235474
NA19316	0.234650	0.264837	0.265167	0.235347
NA19317	0.234751	0.264791	0.265082	0.235376
NA19318	0.234488	0.264849	0.265280	0.235383
NA19319	0.234822	0.264479	0.265177	0.235522
NA19320	0.234790	0.264739	0.265208	0.235263
NA19321	0.234474	0.264904	0.265374	0.235248
NA19323	0.235000	0.264647	0.265009	0.235344
NA19324	0.234845	0.264728	0.265050	0.235377
NA19327	0.234934	0.265006	0.264933	0.235127
NA19328	0.234781	0.264680	0.265103	0.235436
NA19331	0.234792	0.264715	0.265104	0.235389
NA19332	0.234698	0.264689	0.265332	0.235281
NA19334	0.234883	0.264660	0.264993	0.235464
NA19338	0.235066	0.264676	0.264859	0.235399
NA19346	0.234812	0.264712	0.265191	0.235285
NA19347	0.234790	0.264905	0.265004	0.235301
NA19350	0.234804	0.264901	0.265046	0.235249
NA19351	0.234966	0.264806	0.264996	0.235233
NA19355	0.234721	0.264755	0.265168	0.235356
NA19360	0.234718	0.264779	0.265283	0.235221
NA19372	0.234695	0.265132	0.265169	0.235005
NA19374	0.234681	0.264722	0.265351	0.235246
NA19375	0.235146	0.264507	0.265013	0.235333
NA19376	0.234705	0.264868	0.265125	0.235303
NA19377	0.234729	0.264622	0.265155	0.235494
NA19378	0.234951	0.264609	0.264868	0.235572
NA19379	0.234684	0.264793	0.265190	0.235333
NA19380	0.234731	0.264707	0.265030	0.235532
NA19383	0.234753	0.264860	0.265080	0.235307
NA19384	0.234764	0.264949	0.265047	0.235240
NA19385	0.234913	0.264714	0.264961	0.235412
NA19390	0.234989	0.264749	0.264970	0.235292
NA19391	0.234987	0.264615	0.265067	0.235331
NA19393	0.235040	0.264729	0.264919	0.235313
NA19394	0.234983	0.264835	0.264931	0.235250
NA19395	0.234829	0.264837	0.265021	0.235312
NA19397	0.234953	0.264878	0.265081	0.235089
NA19399	0.234601	0.264985	0.265369	0.235045
NA19401	0.234863	0.264775	0.264960	0.235402
NA19403	0.234953	0.264635	0.264925	0.235488
NA19404	0.234657	0.264730	0.265091	0.235522
NA19428	0.234822	0.264812	0.265018	0.235349
NA19429	0.234635	0.264736	0.265157	0.235471
NA19430	0.234691	0.264768	0.265135	0.235406
NA19431	0.234864	0.264629	0.264995	0.235513
NA19434	0.234920	0.264452	0.264956	0.235673
NA19435	0.234869	0.264894	0.264988	0.235248
NA19436	0.234789	0.264699	0.265021	0.235490
NA19437	0.234840	0.264577	0.265102	0.235481
NA19438	0.234708	0.264780	0.265337	0.235175
NA19439	0.235016	0.264519	0.265032	0.235433
NA19440	0.234852	0.264604	0.264960	0.235585
NA19443	0.234679	0.264868	0.265153	0.235300
NA19445	0.234811	0.264640	0.265219	0.235330
NA19446	0.234670	0.264748	0.265072	0.235510
NA19448	0.234930	0.264937	0.264963	0.235170
NA19449	0.234773	0.264605	0.265075	0.235547
NA19451	0.234880	0.264530	0.265061	0.235528
NA19452	0.234643	0.264671	0.265209	0.235477
NA19454	0.234972	0.264460	0.264899	0.235668
NA19455	0.234627	0.264982	0.265088	0.235304
NA19456	0.234809	0.264923	0.265099	0.235169
NA19457	0.234801	0.264795	0.265067	0.235337
NA19461	0.234907	0.264774	0.264795	0.235525
NA19462	0.234805	0.264674	0.265083	0.235437
NA19463	0.234791	0.264604	0.265042	0.235563
NA19466	0.234909	0.264715	0.264952	0.235424
NA19467	0.234797	0.264783	0.265025	0.235395
NA19468	0.234985	0.264793	0.264903	0.235319
NA19471	0.234622	0.264864	0.265165	0.235349
NA19472	0.234653	0.264798	0.265052	0.235497
NA19473	0.234784	0.264889	0.265016	0.235311
NA19474	0.234655	0.264722	0.265179	0.235443
NA19475	0.235149	0.264664	0.264878	0.235309
NA19648	0.238038	0.261802	0.261755	0.238404
NA19649	0.237917	0.261841	0.261682	0.238560
NA19651	0.237717	0.261875	0.262104	0.238304
NA19652	0.237944	0.261698	0.261861	0.238497
NA19654	0.237971	0.261820	0.261752	0.238456
NA19655	0.238001	0.261725	0.261798	0.238476
NA19657	0.237831	0.261770	0.261764	0.238636
NA19658	0.237811	0.261783	0.261898	0.238507
NA19661	0.237910	0.261633	0.261812	0.238645
NA19663	0.237870	0.261779	0.261767	0.238583
NA19664	0.237888	0.261756	0.261926	0.238430
NA19669	0.237868	0.261653	0.261711	0.238767
NA19670	0.238112	0.261777	0.261691	0.238420
NA19676	0.237959	0.261846	0.261744	0.238451
NA19678	0.238013	0.261915	0.261741	0.238331
NA19679	0.237915	0.261707	0.261945	0.238433
NA19681	0.238003	0.261881	0.261763	0.238354
NA19682	0.238035	0.261653	0.261728	0.238585
NA19684	0.237972	0.261769	0.261785	0.238473
NA19716	0.237978	0.261819	0.261656	0.238548
NA19717	0.238126	0.261581	0.261776	0.238517
NA19719	0.237961	0.261914	0.261817	0.238309
NA19720	0.238046	0.261700	0.261715	0.238539
NA19722	0.238061	0.261636	0.261805	0.238498
NA19723	0.237986	0.261989	0.261818	0.238207
NA19725	0.238172	0.261847	0.261617	0.238364
NA19726	0.238366	0.261409	0.261363	0.238862
NA19728	0.238321	0.261613	0.261405	0.238661
NA19729	0.238010	0.261619	0.261642	0.238729
NA19731	0.237908	0.261556	0.261841	0.238695
NA19732	0.238071	0.261440	0.261712	0.238777
NA19734	0.238046	0.261548	0.261742	0.238664
NA19735	0.238043	0.261461	0.261750	0.238746
NA19740	0.238009	0.261553	0.261804	0.238634
NA19741	0.238026	0.261485	0.261640	0.238848
NA19746	0.238196	0.261503	0.261744	0.238557
NA19747	0.237848	0.261780	0.261822	0.238550
NA19749	0.237919	0.262194	0.261636	0.238251
NA19750	0.237898	0.262027	0.261792	0.238284
NA19752	0.237944	0.261550	0.261906	0.238600
NA19755	0.237832	0.261825	0.261816	0.238527
NA19756	0.237805	0.261793	0.261850	0.238552
NA19758	0.238161	0.261507	0.261608	0.238725
NA19759	0.237980	0.261505	0.261788	0.238727
NA19761	0.237819	0.261512	0.261943	0.238727
NA19762	0.237772	0.261908	0.261937	0.238384
NA19764	0.237699	0.262012	0.261935	0.238355
NA19770	0.237932	0.261782	0.261794	0.238492
NA19771	0.237974	0.261708	0.261728	0.238591
NA19773	0.238074	0.261514	0.261842	0.238570
NA19774	0.237927	0.261786	0.261739	0.238549
NA19776	0.237776	0.262055	0.262054	0.238116
NA19777	0.237611	0.261856	0.262297	0.238236
NA19779	0.237922	0.261694	0.261843	0.238541
NA19780	0.237983	0.261714	0.261896	0.238407
NA19782	0.237790	0.261895	0.262040	0.238275
NA19783	0.238120	0.261467	0.261588	0.238825
NA19785	0.238080	0.261724	0.261676	0.238521
NA19786	0.238122	0.261637	0.261497	0.238743
NA19788	0.237900	0.261763	0.261702	0.238635
NA19789	0.237932	0.261650	0.261848	0.238570
NA19792	0.237858	0.261756	0.261805	0.238580
NA19794	0.237966	0.262023	0.261835	0.238177
NA19795	0.237734	0.261844	0.261936	0.238486
NA20502	0.238117	0.261923	0.261655	0.238305
NA20503	0.238035	0.261710	0.261593	0.238662
NA20504	0.238100	0.261645	0.261627	0.238628
NA20505	0.238126	0.261950	0.261686	0.238238
NA20506	0.238234	0.261865	0.261612	0.238289
NA20507	0.237941	0.261875	0.261812	0.238373
NA20508	0.238076	0.261762	0.261756	0.238406
NA20509	0.238106	0.261855	0.261621	0.238417
NA20510	0.237892	0.261615	0.261879	0.238614
NA20511	0.238179	0.261681	0.261620	0.238520
NA20512	0.237837	0.262039	0.261892	0.238232
NA20513	0.238203	0.261767	0.261637	0.238394
NA20514	0.237771	0.261739	0.261975	0.238516
NA20515	0.238062	0.261979	0.261766	0.238193
NA20516	0.237945	0.261593	0.261827	0.238635
NA20517	0.237918	0.261615	0.261969	0.238499
NA20518	0.237891	0.261758	0.261800	0.238551
NA20519	0.238071	0.261768	0.261681	0.238480
NA20520	0.237973	0.261931	0.261616	0.238480
NA20521	0.237869	0.261818	0.261852	0.238460
NA20522	0.238239	0.261683	0.261577	0.238501
NA20524	0.238046	0.261966	0.261746	0.238241
NA20525	0.237639	0.261803	0.262000	0.238558
NA20527	0.237906	0.261775	0.261893	0.238426
NA20528	0.238055	0.261917	0.261700	0.238328
NA20529	0.237976	0.261719	0.261788	0.238517
NA20530	0.237883	0.261997	0.261748	0.238372
NA20531	0.237705	0.261744	0.261909	0.238641
NA20532	0.237967	0.261955	0.261609	0.238469
NA20533	0.238038	0.262018	0.261735	0.238209
NA20534	0.237845	0.261661	0.261943	0.238551
NA20535	0.238087	0.261732	0.261742	0.238440
NA20536	0.237880	0.261978	0.261782	0.238360
NA20538	0.237907	0.261975	0.261855	0.238263
NA20539	0.238028	0.262015	0.261674	0.238284
NA20540	0.237798	0.261997	0.261790	0.238415
NA20541	0.238094	0.261740	0.261650	0.238516
NA20542	0.237653	0.261824	0.261873	0.238651
NA20543	0.238066	0.261770	0.261678	0.238486
NA20544	0.237948	0.261766	0.261994	0.238291
NA20581	0.238014	0.261885	0.261770	0.238332
NA20582	0.238075	0.261926	0.261493	0.238506
NA20585	0.237928	0.261909	0.261736	0.238428
NA20586	0.237911	0.261799	0.261713	0.238577
NA20587	0.238298	0.261888	0.261443	0.238371
NA20588	0.237878	0.261872	0.261821	0.238429
NA20589	0.238069	0.261686	0.261697	0.238547
NA20752	0.237913	0.261708	0.261908	0.238471
NA20753	0.237991	0.261893	0.261683	0.238432
NA20754	0.238010	0.261924	0.261735	0.238331
NA20755	0.237940	0.261831	0.261867	0.238362
NA20756	0.238017	0.261747	0.261736	0.238501
NA20757	0.237962	0.261958	0.261743	0.238338
NA20758	0.238083	0.261991	0.261751	0.238174
NA20759	0.237793	0.261863	0.261963	0.238381
NA20760	0.237851	0.261844	0.261858	0.238446
NA20761	0.238002	0.261867	0.261834	0.238297
NA20762	0.237983	0.261848	0.261771	0.238398
NA20763	0.237965	0.261648	0.261761	0.238626
NA20764	0.237843	0.261766	0.261743	0.238648
NA20765	0.238064	0.261905	0.261773	0.238258
NA20766	0.237905	0.261992	0.261790	0.238314
NA20767	0.237774	0.261878	0.261923	0.238425
NA20768	0.238123	0.261805	0.261785	0.238287
NA20769	0.238004	0.261774	0.261862	0.238360
NA20770	0.237887	0.261779	0.261818	0.238516
NA20771	0.237908	0.261983	0.261721	0.238389
NA20772	0.238064	0.261744	0.261790	0.238403
NA20773	0.237980	0.261817	0.261651	0.238553
NA20774	0.237984	0.261795	0.261719	0.238501
NA20775	0.237931	0.261679	0.261793	0.238597
NA20778	0.238153	0.261756	0.261672	0.238419
NA20783	0.237987	0.261874	0.261764	0.238374
NA20785	0.237922	0.261866	0.261711	0.238501
NA20786	0.237926	0.261584	0.261946	0.238545
NA20787	0.237871	0.261748	0.261766	0.238615
NA20790	0.238037	0.261778	0.261713	0.238472
NA20792	0.237944	0.261733	0.261847	0.238477
NA20795	0.238181	0.261903	0.261622	0.238293
NA20796	0.237791	0.261912	0.261975	0.238322
NA20797	0.238038	0.261837	0.261704	0.238422
NA20798	0.238085	0.261882	0.261494	0.238539
NA20799	0.237958	0.261737	0.261774	0.238532
NA20800	0.237838	0.261728	0.261865	0.238570
NA20801	0.238115	0.261820	0.261784	0.238281
NA20802	0.238080	0.262070	0.261518	0.238331
NA20803	0.237830	0.261960	0.261908	0.238302
NA20804	0.238025	0.261873	0.261762	0.238341
NA20805	0.237994	0.261947	0.261699	0.238361
NA20806	0.237971	0.261694	0.261595	0.238741
NA20807	0.237868	0.261728	0.261794	0.238609
NA20808	0.238010	0.261965	0.261763	0.238261
NA20809	0.238030	0.261652	0.261812	0.238506
NA20810	0.237880	0.261820	0.261802	0.238498
NA20811	0.237821	0.262018	0.261852	0.238310
NA20812	0.238009	0.261710	0.261600	0.238680
NA20813	0.237958	0.261651	0.261938	0.238453
NA20814	0.238178	0.261670	0.261593	0.238559
NA20815	0.238210	0.261609	0.261803	0.238378
NA20818	0.238016	0.261726	0.261795	0.238463
NA20819	0.238188	0.261847	0.261671	0.238294
NA20821	0.237849	0.261773	0.261829	0.238549
NA20822	0.237918	0.261728	0.261811	0.238543
NA20826	0.238064	0.261741	0.261823	0.238372
NA20827	0.238021	0.261967	0.261811	0.238202
NA20828	0.238066	0.261934	0.261605	0.238395
NA20832	0.238109	0.261896	0.261675	0.238321
NA20845	0.237833	0.261918	0.261760	0.238490
NA20846	0.237828	0.261763	0.261948	0.238461
NA20847	0.237955	0.261791	0.261860	0.238394
NA20849	0.237938	0.261726	0.261751	0.238584
NA20850	0.237952	0.261565	0.261814	0.238670
NA20851	0.238034	0.261637	0.261838	0.238491
NA20852	0.238320	0.261819	0.261502	0.238359
NA20853	0.237976	0.262111	0.261541	0.238372
NA20854	0.237756	0.261836	0.261980	0.238428
NA20856	0.237758	0.261802	0.261952	0.238487
NA20858	0.237811	0.261699	0.261816	0.238674
NA20859	0.237594	0.261937	0.262013	0.238456
NA20861	0.238092	0.261772	0.261706	0.238429
NA20862	0.238022	0.261778	0.261790	0.238410
NA20863	0.238083	0.261577	0.261627	0.238712
NA20864	0.238066	0.261770	0.261731	0.238433
NA20866	0.237848	0.261878	0.262012	0.238262
NA20867	0.237877	0.261715	0.261919	0.238489
NA20868	0.238191	0.261691	0.261723	0.238395
NA20869	0.237875	0.261864	0.261985	0.238276
NA20870	0.237892	0.261698	0.261918	0.238492
NA20872	0.237978	0.261881	0.261688	0.238454
NA20874	0.237849	0.262040	0.261892	0.238219
NA20875	0.237858	0.261809	0.261885	0.238448
NA20876	0.237740	0.261843	0.261940	0.238477
NA20877	0.238018	0.261873	0.261713	0.238396
NA20878	0.237877	0.261686	0.261802	0.238636
NA20881	0.237901	0.261983	0.261861	0.238255
NA20882	0.237901	0.261798	0.261724	0.238577
NA20884	0.237876	0.261964	0.261763	0.238397
NA20885	0.237844	0.261628	0.261819	0.238709
NA20886	0.237750	0.262019	0.261906	0.238326
NA20887	0.238100	0.261776	0.261593	0.238531
NA20888	0.237981	0.261681	0.261825	0.238512
NA20889	0.237856	0.261863	0.261753	0.238527
NA20890	0.237969	0.261822	0.261648	0.238562
NA20891	0.237766	0.261700	0.261982	0.238552
NA20892	0.237997	0.261691	0.261875	0.238437
NA20894	0.237990	0.262028	0.261791	0.238191
NA20895	0.237934	0.261906	0.261672	0.238488
NA20896	0.237958	0.261729	0.261917	0.238396
NA20897	0.237957	0.261657	0.261793	0.238592
NA20899	0.238011	0.261844	0.261800	0.238344
NA20900	0.237991	0.261760	0.261760	0.238490
NA20901	0.238007	0.261738	0.261698	0.238556
NA20902	0.238013	0.261982	0.261815	0.238190
NA20903	0.238019	0.261767	0.261762	0.238452
NA20904	0.238196	0.261688	0.261497	0.238619
NA20905	0.237896	0.261968	0.261650	0.238486
NA20906	0.237719	0.261872	0.262002	0.238406
NA20908	0.238070	0.262082	0.261587	0.238262
NA20910	0.237859	0.262076	0.261871	0.238194
NA20911	0.237961	0.261763	0.261726	0.238550
NA21086	0.238040	0.261822	0.261841	0.238298
NA21087	0.238054	0.261537	0.261782	0.238627
NA21088	0.237883	0.261715	0.261921	0.238482
NA21089	0.238007	0.261750	0.261722	0.238522
NA21090	0.238115	0.261641	0.261686	0.238558
NA21091	0.237941	0.261589	0.261825	0.238645
NA21092	0.237935	0.261897	0.261742	0.238426
NA21093	0.237759	0.261903	0.261937	0.238400
NA21094	0.238016	0.261872	0.261867	0.238244
NA21095	0.238064	0.261769	0.261603	0.238565
NA21097	0.237911	0.261794	0.261793	0.238502
NA21098	0.237966	0.261810	0.261843	0.238382
NA21099	0.237776	0.261950	0.261862	0.238412
NA21100	0.237809	0.261651	0.262043	0.238497
NA21101	0.238226	0.261751	0.261634	0.238389
NA21102	0.237594	0.262060	0.261950	0.238395
NA21103	0.237928	0.261593	0.261847	0.238632
NA21104	0.238021	0.261658	0.261737	0.238583
NA21105	0.238112	0.261713	0.261741	0.238435
NA21106	0.237737	0.261924	0.261975	0.238363
NA21107	0.237907	0.261823	0.261810	0.238460
NA21108	0.237940	0.261886	0.261716	0.238458
NA21109	0.238048	0.261885	0.261721	0.238345
NA21110	0.238030	0.261880	0.261753	0.238337
NA21111	0.237903	0.261985	0.261695	0.238417
NA21112	0.237855	0.261875	0.261974	0.238295
NA21113	0.237853	0.261808	0.261999	0.238340
NA21114	0.238070	0.261895	0.261698	0.238338
NA21115	0.238045	0.261887	0.261693	0.238375
NA21116	0.237871	0.261630	0.261731	0.238769
NA21117	0.238114	0.261854	0.261576	0.238456
NA21118	0.237689	0.261763	0.261930	0.238618
NA21119	0.237928	0.261781	0.261872	0.238419
NA21120	0.238002	0.261752	0.261606	0.238640
NA21122	0.237964	0.261850	0.261614	0.238573
NA21123	0.237929	0.261842	0.261774	0.238455
NA21124	0.237831	0.261781	0.261939	0.238449
NA21125	0.238163	0.261801	0.261622	0.238414
NA21126	0.237955	0.261852	0.261785	0.238408
NA21127	0.238203	0.261956	0.261663	0.238178
NA21128	0.237860	0.262105	0.261778	0.238256
NA21129	0.237839	0.261968	0.261823	0.238370
NA21130	0.238108	0.261876	0.261680	0.238336
NA21133	0.237821	0.261917	0.261740	0.238522
NA21135	0.238044	0.261808	0.261705	0.238444
NA21137	0.238054	0.261734	0.261787	0.238425
NA21141	0.237970	0.261979	0.261624	0.238426
NA21142	0.238157	0.261499	0.261705	0.238639
NA21143	0.238045	0.261938	0.261623	0.238394
NA21144	0.238084	0.261697	0.261788	0.238431
