SAMPLE	A	C	G	T
HG00096	0.232292	0.266845	0.268384	0.232478
HG00097	0.232505	0.267503	0.268178	0.231815
HG00099	0.232229	0.266939	0.268532	0.232300
HG00100	0.231704	0.266918	0.268784	0.232594
HG00101	0.232374	0.266953	0.268358	0.232315
HG00102	0.232547	0.267079	0.268193	0.232180
HG00103	0.232785	0.266966	0.267841	0.232408
HG00105	0.232561	0.267533	0.268005	0.231901
HG00106	0.232591	0.267088	0.267976	0.232345
HG00107	0.232659	0.267118	0.267982	0.232241
HG00108	0.232386	0.267077	0.268068	0.232469
HG00109	0.232924	0.267021	0.267775	0.232279
HG00110	0.232072	0.267228	0.268323	0.232377
HG00111	0.232422	0.266830	0.268267	0.232481
HG00112	0.232273	0.267460	0.268235	0.232032
HG00113	0.232274	0.267480	0.268342	0.231903
HG00114	0.232003	0.267829	0.268173	0.231996
HG00115	0.232232	0.266755	0.268506	0.232506
HG00116	0.231603	0.267776	0.268545	0.232076
HG00117	0.232609	0.267192	0.267860	0.232339
HG00118	0.232072	0.267449	0.268494	0.231985
HG00119	0.232253	0.266791	0.268465	0.232490
HG00120	0.231993	0.266926	0.268427	0.232654
HG00121	0.232615	0.266814	0.268506	0.232065
HG00122	0.232306	0.267418	0.268494	0.231783
HG00123	0.232660	0.267543	0.268128	0.231669
HG00125	0.232749	0.267373	0.267698	0.232179
HG00126	0.232672	0.267140	0.267882	0.232306
HG00127	0.232389	0.266983	0.268472	0.232156
HG00128	0.232362	0.267180	0.268425	0.232032
HG00129	0.232564	0.267129	0.267942	0.232364
HG00130	0.232648	0.267311	0.268113	0.231927
HG00131	0.232651	0.267126	0.268309	0.231913
HG00132	0.232350	0.267305	0.268213	0.232131
HG00133	0.232624	0.267618	0.267808	0.231950
HG00136	0.232726	0.266731	0.267941	0.232601
HG00137	0.232098	0.267323	0.268300	0.232279
HG00138	0.232787	0.267003	0.268202	0.232009
HG00139	0.232468	0.267144	0.268101	0.232286
HG00140	0.232477	0.266765	0.268057	0.232701
HG00141	0.231917	0.266654	0.268645	0.232783
HG00142	0.232355	0.267168	0.267994	0.232483
HG00143	0.232194	0.267549	0.268209	0.232047
HG00145	0.232201	0.267001	0.268419	0.232379
HG00146	0.232478	0.266911	0.267971	0.232640
HG00148	0.232772	0.267136	0.267780	0.232312
HG00149	0.232365	0.266955	0.268027	0.232653
HG00150	0.232411	0.266978	0.268197	0.232413
HG00151	0.232356	0.267083	0.267969	0.232591
HG00154	0.231892	0.266874	0.268669	0.232565
HG00155	0.232579	0.267001	0.267993	0.232428
HG00157	0.232556	0.267089	0.267968	0.232387
HG00158	0.232746	0.267277	0.267808	0.232169
HG00159	0.232295	0.266688	0.268176	0.232841
HG00160	0.232336	0.267568	0.267981	0.232116
HG00171	0.232237	0.266813	0.268396	0.232555
HG00173	0.232503	0.266749	0.268155	0.232593
HG00174	0.232136	0.266963	0.268262	0.232639
HG00176	0.232330	0.266761	0.268214	0.232695
HG00177	0.232304	0.266795	0.268634	0.232267
HG00178	0.232407	0.266827	0.267839	0.232927
HG00179	0.232603	0.266770	0.267814	0.232814
HG00180	0.232469	0.267304	0.268107	0.232120
HG00181	0.231970	0.267085	0.268473	0.232472
HG00182	0.232499	0.266841	0.268533	0.232127
HG00183	0.232723	0.267413	0.267598	0.232266
HG00185	0.232419	0.267168	0.268012	0.232401
HG00186	0.232437	0.267389	0.267972	0.232202
HG00187	0.232479	0.266648	0.268288	0.232585
HG00188	0.232476	0.267197	0.268056	0.232271
HG00189	0.232906	0.266630	0.267926	0.232537
HG00190	0.232474	0.267096	0.268199	0.232231
HG00231	0.232224	0.267162	0.268145	0.232469
HG00232	0.232871	0.266896	0.267881	0.232352
HG00233	0.232184	0.267050	0.268472	0.232294
HG00234	0.232451	0.267249	0.268309	0.231991
HG00235	0.232220	0.267149	0.268426	0.232205
HG00236	0.232656	0.266600	0.268372	0.232372
HG00237	0.232087	0.267406	0.268305	0.232202
HG00238	0.232823	0.267118	0.267816	0.232244
HG00239	0.232453	0.267010	0.268205	0.232333
HG00240	0.232771	0.267299	0.267720	0.232210
HG00242	0.232520	0.267070	0.267892	0.232517
HG00243	0.232541	0.267338	0.267720	0.232401
HG00244	0.232378	0.267380	0.267902	0.232339
HG00245	0.232697	0.267024	0.268193	0.232086
HG00246	0.232481	0.267156	0.268154	0.232209
HG00250	0.232260	0.267015	0.268348	0.232377
HG00251	0.232497	0.267126	0.268187	0.232190
HG00252	0.232324	0.267169	0.268232	0.232274
HG00253	0.232202	0.267399	0.268286	0.232113
HG00254	0.232651	0.266918	0.268089	0.232342
HG00255	0.232154	0.266555	0.268853	0.232438
HG00256	0.232073	0.267094	0.268601	0.232233
HG00257	0.232284	0.266934	0.268232	0.232550
HG00258	0.232674	0.266946	0.267969	0.232410
HG00259	0.232365	0.267126	0.268288	0.232221
HG00260	0.232092	0.266787	0.268377	0.232745
HG00261	0.233101	0.266918	0.267450	0.232532
HG00262	0.232342	0.267111	0.268233	0.232315
HG00263	0.232288	0.267493	0.268215	0.232004
HG00264	0.232467	0.267148	0.268051	0.232333
HG00265	0.232178	0.267363	0.268212	0.232247
HG00266	0.232387	0.266802	0.268056	0.232755
HG00267	0.232182	0.267027	0.268410	0.232380
HG00268	0.232490	0.267076	0.268037	0.232398
HG00269	0.232342	0.267104	0.267997	0.232558
HG00271	0.232322	0.267247	0.268306	0.232125
HG00272	0.232281	0.267168	0.268227	0.232324
HG00273	0.232183	0.266853	0.268549	0.232416
HG00274	0.232235	0.266665	0.268422	0.232678
HG00275	0.232374	0.267016	0.268173	0.232436
HG00276	0.232576	0.266909	0.268151	0.232364
HG00277	0.232573	0.266636	0.267905	0.232885
HG00278	0.232380	0.266851	0.268186	0.232582
HG00280	0.232300	0.267227	0.268197	0.232276
HG00281	0.232342	0.266678	0.268329	0.232651
HG00282	0.232710	0.266730	0.267789	0.232770
HG00284	0.232356	0.266739	0.268137	0.232768
HG00285	0.231778	0.266759	0.268746	0.232716
HG00288	0.232389	0.266846	0.268315	0.232450
HG00290	0.232639	0.266829	0.267980	0.232551
HG00304	0.232744	0.267260	0.267927	0.232068
HG00306	0.232315	0.266835	0.268467	0.232383
HG00308	0.232847	0.267183	0.267664	0.232306
HG00309	0.232027	0.267117	0.268333	0.232523
HG00310	0.232133	0.266845	0.268544	0.232478
HG00311	0.232642	0.266953	0.267969	0.232436
HG00313	0.232660	0.267231	0.267510	0.232598
HG00315	0.232273	0.267389	0.268321	0.232016
HG00318	0.232415	0.266906	0.268378	0.232301
HG00319	0.232175	0.267097	0.268348	0.232380
HG00320	0.232201	0.266706	0.268575	0.232518
HG00321	0.232166	0.266997	0.268244	0.232592
HG00323	0.232140	0.267109	0.268348	0.232403
HG00324	0.232377	0.267358	0.267908	0.232357
HG00325	0.232372	0.267195	0.268051	0.232381
HG00326	0.232550	0.267260	0.268037	0.232153
HG00327	0.232327	0.266885	0.268446	0.232343
HG00328	0.231899	0.267404	0.268378	0.232318
HG00329	0.232440	0.267406	0.268130	0.232024
HG00330	0.232299	0.267192	0.268223	0.232286
HG00331	0.232502	0.267031	0.268086	0.232381
HG00332	0.232526	0.267101	0.268259	0.232115
HG00334	0.232293	0.267123	0.268104	0.232480
HG00335	0.232247	0.266720	0.268491	0.232542
HG00336	0.232293	0.267181	0.267968	0.232558
HG00337	0.232624	0.267416	0.267993	0.231967
HG00338	0.232621	0.266428	0.268198	0.232754
HG00339	0.232267	0.266788	0.268576	0.232369
HG00341	0.232310	0.267032	0.268087	0.232570
HG00342	0.232429	0.267003	0.268103	0.232465
HG00343	0.231988	0.267235	0.268551	0.232226
HG00344	0.232087	0.267614	0.268378	0.231921
HG00345	0.232184	0.267078	0.268210	0.232529
HG00346	0.232654	0.266810	0.268037	0.232499
HG00349	0.232214	0.267140	0.268333	0.232313
HG00350	0.232487	0.266820	0.268114	0.232578
HG00351	0.232429	0.266852	0.268314	0.232405
HG00353	0.232872	0.266975	0.268165	0.231988
HG00355	0.232534	0.266813	0.268125	0.232529
HG00356	0.232006	0.266992	0.268539	0.232463
HG00357	0.232585	0.267014	0.268083	0.232318
HG00358	0.232411	0.266983	0.268286	0.232321
HG00360	0.232507	0.266954	0.267851	0.232689
HG00361	0.232452	0.267077	0.268046	0.232425
HG00362	0.232463	0.267391	0.267926	0.232220
HG00364	0.232630	0.266611	0.268092	0.232667
HG00365	0.232691	0.266952	0.268114	0.232243
HG00366	0.232667	0.267495	0.267517	0.232321
HG00367	0.232353	0.266936	0.268081	0.232630
HG00368	0.232048	0.267226	0.268546	0.232180
HG00369	0.232376	0.267442	0.267966	0.232216
HG00371	0.232467	0.266916	0.268303	0.232314
HG00372	0.232545	0.266895	0.267879	0.232681
HG00373	0.232558	0.267056	0.267947	0.232440
HG00375	0.232342	0.266961	0.268291	0.232407
HG00376	0.232203	0.266654	0.268434	0.232709
HG00378	0.232723	0.266803	0.268017	0.232457
HG00379	0.232468	0.266885	0.268027	0.232620
HG00380	0.232206	0.267305	0.268155	0.232334
HG00381	0.232175	0.266586	0.268492	0.232746
HG00382	0.232182	0.267080	0.268307	0.232431
HG00383	0.231955	0.267022	0.268815	0.232208
HG00384	0.232505	0.267186	0.268015	0.232294
HG00403	0.232534	0.266935	0.268098	0.232433
HG00404	0.232220	0.266691	0.268261	0.232829
HG00406	0.232598	0.266687	0.268289	0.232426
HG00407	0.232994	0.266716	0.267933	0.232357
HG00409	0.232333	0.266480	0.268419	0.232768
HG00410	0.232573	0.266754	0.268060	0.232613
HG00419	0.232108	0.266538	0.268401	0.232953
HG00421	0.232052	0.266502	0.268619	0.232826
HG00422	0.232293	0.266608	0.268304	0.232795
HG00428	0.232734	0.266586	0.268042	0.232639
HG00436	0.232064	0.266273	0.268406	0.233257
HG00437	0.232417	0.266827	0.267911	0.232844
HG00442	0.232496	0.266647	0.268286	0.232572
HG00443	0.232238	0.266425	0.268757	0.232580
HG00445	0.232484	0.266435	0.268612	0.232469
HG00446	0.232467	0.266841	0.268099	0.232592
HG00448	0.232601	0.266689	0.268125	0.232585
HG00449	0.232335	0.266544	0.268477	0.232644
HG00451	0.232495	0.266708	0.268196	0.232600
HG00452	0.232781	0.266298	0.267887	0.233034
HG00457	0.232727	0.266843	0.268143	0.232288
HG00458	0.232466	0.266481	0.268259	0.232794
HG00463	0.232435	0.266462	0.268355	0.232748
HG00464	0.232201	0.266786	0.268716	0.232297
HG00472	0.232727	0.266684	0.268119	0.232470
HG00473	0.232696	0.266641	0.268144	0.232519
HG00475	0.232452	0.266602	0.268334	0.232612
HG00476	0.231971	0.266540	0.268354	0.233135
HG00478	0.232223	0.266470	0.268548	0.232760
HG00479	0.232782	0.266217	0.268400	0.232601
HG00500	0.232444	0.266656	0.268305	0.232595
HG00513	0.232314	0.266608	0.268404	0.232674
HG00524	0.232582	0.266607	0.267978	0.232832
HG00525	0.232319	0.266452	0.268312	0.232917
HG00530	0.232698	0.266600	0.268090	0.232611
HG00531	0.232339	0.266850	0.268321	0.232490
HG00533	0.232354	0.266299	0.268660	0.232687
HG00534	0.232856	0.266642	0.267919	0.232583
HG00536	0.232946	0.266585	0.267801	0.232668
HG00537	0.232432	0.266455	0.268384	0.232729
HG00542	0.232554	0.266469	0.268497	0.232480
HG00543	0.232177	0.266525	0.268439	0.232859
HG00556	0.232468	0.266651	0.268254	0.232627
HG00557	0.232324	0.266586	0.268359	0.232731
HG00559	0.232786	0.266181	0.267944	0.233089
HG00560	0.232762	0.266033	0.268042	0.233164
HG00565	0.232416	0.266977	0.268259	0.232348
HG00566	0.232528	0.266454	0.268211	0.232808
HG00580	0.232967	0.266744	0.267770	0.232519
HG00581	0.232562	0.266803	0.268149	0.232486
HG00583	0.232643	0.266529	0.268096	0.232732
HG00584	0.232542	0.266497	0.268056	0.232905
HG00589	0.232410	0.266609	0.268492	0.232488
HG00590	0.232190	0.266779	0.268453	0.232579
HG00592	0.232539	0.266688	0.268056	0.232717
HG00593	0.232285	0.266663	0.268533	0.232519
HG00595	0.232787	0.266654	0.268116	0.232443
HG00596	0.232094	0.266778	0.268585	0.232544
HG00598	0.232128	0.266614	0.268560	0.232698
HG00599	0.232460	0.266021	0.268649	0.232869
HG00607	0.232354	0.266463	0.268152	0.233031
HG00608	0.232593	0.266910	0.268036	0.232461
HG00610	0.232535	0.266273	0.268478	0.232713
HG00611	0.232257	0.266318	0.268478	0.232947
HG00613	0.232211	0.266865	0.268460	0.232464
HG00614	0.232353	0.266640	0.268046	0.232960
HG00619	0.232151	0.267065	0.268386	0.232398
HG00620	0.232580	0.266725	0.268137	0.232558
HG00622	0.232386	0.266384	0.268241	0.232989
HG00623	0.232230	0.266611	0.268381	0.232778
HG00625	0.232603	0.266513	0.268422	0.232462
HG00626	0.232557	0.266389	0.268289	0.232765
HG00628	0.232128	0.266847	0.268711	0.232315
HG00629	0.232256	0.266685	0.268422	0.232636
HG00631	0.232425	0.266265	0.268460	0.232850
HG00632	0.232313	0.266321	0.268604	0.232761
HG00634	0.231961	0.266871	0.268794	0.232374
HG00650	0.232333	0.266231	0.268440	0.232995
HG00651	0.232062	0.266610	0.268470	0.232859
HG00653	0.232514	0.266471	0.268375	0.232640
HG00654	0.232362	0.266819	0.268082	0.232737
HG00656	0.232732	0.266270	0.268145	0.232853
HG00657	0.232564	0.266740	0.268044	0.232652
HG00662	0.232431	0.266477	0.268131	0.232961
HG00663	0.232475	0.266536	0.268303	0.232686
HG00671	0.232079	0.266429	0.268510	0.232982
HG00672	0.232617	0.267024	0.268235	0.232124
HG00674	0.232755	0.266495	0.268032	0.232719
HG00675	0.232273	0.266782	0.268488	0.232457
HG00683	0.232690	0.266250	0.268230	0.232829
HG00684	0.232241	0.266410	0.268614	0.232735
HG00689	0.232475	0.266749	0.268262	0.232514
HG00690	0.232630	0.266832	0.267914	0.232624
HG00692	0.232013	0.266867	0.268643	0.232477
HG00693	0.232316	0.266675	0.268214	0.232794
HG00698	0.232312	0.266456	0.268669	0.232563
HG00699	0.232647	0.266618	0.267905	0.232829
HG00701	0.232458	0.266550	0.268206	0.232786
HG00704	0.232471	0.266695	0.267893	0.232941
HG00705	0.232194	0.266455	0.268523	0.232828
HG00707	0.232309	0.266457	0.268565	0.232669
HG00708	0.232384	0.266526	0.268473	0.232616
HG00717	0.232304	0.266564	0.268036	0.233096
HG00728	0.232170	0.266338	0.268681	0.232811
HG00729	0.232623	0.266554	0.268324	0.232499
HG00759	0.232507	0.266741	0.268476	0.232276
HG00766	0.232759	0.266951	0.267959	0.232331
HG00844	0.232550	0.266442	0.268127	0.232881
HG00851	0.232667	0.266743	0.267686	0.232904
HG00864	0.232415	0.266208	0.268551	0.232826
HG00867	0.232763	0.266174	0.268120	0.232943
HG00879	0.232567	0.266467	0.268229	0.232737
HG00881	0.232382	0.266462	0.268281	0.232875
HG00956	0.232416	0.266817	0.268021	0.232746
HG00978	0.232413	0.266304	0.268547	0.232736
HG00982	0.232815	0.266493	0.268137	0.232555
HG01028	0.232779	0.266756	0.267892	0.232573
HG01029	0.232039	0.266707	0.268543	0.232710
HG01031	0.232348	0.266707	0.268202	0.232743
HG01046	0.232508	0.266791	0.268125	0.232576
HG01334	0.232564	0.266913	0.268186	0.232336
HG01500	0.232371	0.266776	0.268293	0.232561
HG01501	0.231987	0.267358	0.268535	0.232120
HG01503	0.232293	0.266742	0.268434	0.232531
HG01504	0.232386	0.267652	0.268182	0.231780
HG01506	0.232132	0.267363	0.268312	0.232193
HG01507	0.232365	0.267192	0.268500	0.231943
HG01509	0.232078	0.266965	0.268667	0.232290
HG01510	0.231882	0.266915	0.268774	0.232429
HG01512	0.232066	0.267379	0.268324	0.232230
HG01513	0.232125	0.267070	0.268245	0.232560
HG01515	0.232490	0.267209	0.267968	0.232333
HG01516	0.232101	0.267114	0.268382	0.232404
HG01518	0.232758	0.266973	0.268094	0.232175
HG01519	0.232383	0.266987	0.268105	0.232526
HG01521	0.232116	0.267478	0.268182	0.232223
HG01522	0.232414	0.267299	0.268229	0.232058
HG01524	0.232356	0.267724	0.268059	0.231861
HG01525	0.232518	0.266981	0.268040	0.232460
HG01527	0.232359	0.266956	0.268236	0.232449
HG01528	0.232187	0.267254	0.268269	0.232289
HG01530	0.232466	0.267108	0.268425	0.232002
HG01531	0.232282	0.267394	0.268686	0.231639
HG01536	0.232487	0.266904	0.267794	0.232815
HG01537	0.232350	0.267185	0.268097	0.232368
HG01583	0.232254	0.267131	0.268297	0.232318
HG01586	0.232190	0.266570	0.268465	0.232775
HG01589	0.231870	0.267216	0.268431	0.232483
HG01593	0.232009	0.267434	0.268561	0.231997
HG01595	0.232604	0.266180	0.268374	0.232842
HG01596	0.232340	0.266893	0.268314	0.232453
HG01597	0.232244	0.266823	0.268211	0.232722
HG01598	0.232668	0.266720	0.268032	0.232579
HG01599	0.232839	0.266527	0.267956	0.232678
HG01600	0.232324	0.266428	0.268183	0.233065
HG01602	0.232211	0.267196	0.268375	0.232218
HG01603	0.232344	0.266461	0.268444	0.232752
HG01605	0.232383	0.266931	0.268297	0.232388
HG01606	0.231963	0.267284	0.268972	0.231780
HG01607	0.232184	0.267024	0.268378	0.232413
HG01608	0.232237	0.267126	0.268344	0.232294
HG01610	0.231918	0.267025	0.268479	0.232578
HG01612	0.232155	0.267511	0.268235	0.232098
HG01613	0.231820	0.267442	0.268437	0.232300
HG01615	0.232193	0.267346	0.268493	0.231968
HG01617	0.232548	0.267358	0.267689	0.232405
HG01618	0.232107	0.267495	0.268599	0.231799
HG01619	0.231678	0.267296	0.268663	0.232362
HG01620	0.232460	0.266987	0.268014	0.232538
HG01623	0.232371	0.267057	0.268379	0.232193
HG01624	0.232514	0.267626	0.267904	0.231956
HG01625	0.232553	0.267237	0.267954	0.232255
HG01626	0.232262	0.267240	0.268693	0.231804
HG01628	0.231851	0.267245	0.268773	0.232132
HG01630	0.232039	0.267236	0.268312	0.232413
HG01631	0.232345	0.267195	0.268328	0.232132
HG01632	0.233186	0.267016	0.267379	0.232419
HG01668	0.231541	0.266844	0.269004	0.232611
HG01669	0.231990	0.266909	0.268796	0.232305
HG01670	0.232160	0.267216	0.268218	0.232407
HG01672	0.232643	0.267067	0.267974	0.232316
HG01673	0.231965	0.267177	0.268606	0.232252
HG01675	0.232304	0.267138	0.268415	0.232142
HG01676	0.232616	0.267329	0.268079	0.231976
HG01678	0.231897	0.267037	0.268762	0.232303
HG01679	0.232257	0.267003	0.268273	0.232467
HG01680	0.232614	0.266968	0.267926	0.232493
HG01682	0.232584	0.267085	0.268075	0.232255
HG01684	0.232526	0.266964	0.267822	0.232688
HG01685	0.232172	0.267254	0.268578	0.231996
HG01686	0.232276	0.267007	0.268469	0.232248
HG01694	0.232051	0.267141	0.268456	0.232352
HG01695	0.232219	0.267373	0.268316	0.232092
HG01697	0.232466	0.266993	0.268349	0.232192
HG01699	0.232348	0.267114	0.268503	0.232035
HG01700	0.232968	0.266917	0.267842	0.232273
HG01702	0.232535	0.267013	0.268303	0.232148
HG01704	0.232142	0.267373	0.268402	0.232082
HG01705	0.232507	0.267548	0.268175	0.231770
HG01707	0.232125	0.267124	0.268251	0.232499
HG01708	0.232532	0.267395	0.267903	0.232170
HG01709	0.232243	0.267685	0.268316	0.231756
HG01710	0.232017	0.267554	0.268265	0.232164
HG01746	0.232037	0.267179	0.268466	0.232318
HG01747	0.232647	0.267258	0.268065	0.232030
HG01756	0.232701	0.267051	0.268021	0.232227
HG01757	0.231977	0.267288	0.268404	0.232331
HG01761	0.232406	0.266981	0.268321	0.232291
HG01762	0.232431	0.266894	0.268363	0.232312
HG01765	0.232079	0.267354	0.268334	0.232233
HG01766	0.232367	0.267259	0.268287	0.232087
HG01767	0.231851	0.266911	0.268750	0.232487
HG01768	0.231960	0.267415	0.268734	0.231891
HG01770	0.232322	0.267237	0.268332	0.232109
HG01771	0.232395	0.267224	0.268286	0.232095
HG01773	0.231967	0.267401	0.268432	0.232200
HG01775	0.232162	0.267282	0.268330	0.232226
HG01776	0.231885	0.266990	0.268590	0.232535
HG01777	0.232022	0.267301	0.268291	0.232386
HG01779	0.232041	0.267510	0.268592	0.231857
HG01781	0.231885	0.267081	0.268427	0.232607
HG01783	0.232601	0.267297	0.267857	0.232245
HG01784	0.232041	0.266895	0.268793	0.232271
HG01785	0.232238	0.267000	0.267905	0.232856
HG01786	0.232259	0.267230	0.268306	0.232205
HG01789	0.232268	0.267184	0.268168	0.232380
HG01790	0.232689	0.267143	0.267955	0.232213
HG01791	0.232061	0.267474	0.268315	0.232150
HG01794	0.232592	0.266561	0.267909	0.232938
HG01795	0.232408	0.266214	0.268380	0.232998
HG01796	0.232211	0.266584	0.268480	0.232725
HG01797	0.232870	0.266544	0.267916	0.232671
HG01798	0.232512	0.266590	0.268151	0.232747
HG01799	0.232191	0.266166	0.268536	0.233106
HG01800	0.232754	0.266499	0.267934	0.232814
HG01801	0.232644	0.266776	0.268022	0.232558
HG01802	0.232428	0.266341	0.268140	0.233092
HG01804	0.232194	0.266272	0.268230	0.233304
HG01805	0.232243	0.267412	0.268184	0.232161
HG01806	0.232408	0.266710	0.267993	0.232889
HG01807	0.232534	0.266464	0.267762	0.233240
HG01808	0.232595	0.266565	0.268119	0.232721
HG01809	0.232288	0.266391	0.268380	0.232942
HG01810	0.232534	0.266398	0.268205	0.232862
HG01811	0.232195	0.266415	0.268390	0.233000
HG01812	0.232325	0.266369	0.268490	0.232816
HG01813	0.232300	0.266766	0.268239	0.232695
HG01815	0.232395	0.266647	0.268289	0.232669
HG01816	0.232499	0.266422	0.268176	0.232903
HG01817	0.232561	0.266315	0.268298	0.232826
HG01840	0.232642	0.266502	0.268252	0.232604
HG01841	0.232540	0.266768	0.268119	0.232573
HG01842	0.232220	0.266404	0.268550	0.232826
HG01843	0.232407	0.266717	0.268350	0.232526
HG01844	0.232363	0.266196	0.268566	0.232874
HG01845	0.232162	0.266764	0.268527	0.232547
HG01846	0.232614	0.266589	0.268147	0.232651
HG01847	0.232596	0.266232	0.268225	0.232947
HG01848	0.232508	0.266853	0.267961	0.232679
HG01849	0.232500	0.266494	0.268416	0.232590
HG01850	0.231995	0.266707	0.269114	0.232184
HG01851	0.232437	0.266481	0.268354	0.232728
HG01852	0.232011	0.266617	0.268769	0.232603
HG01853	0.232279	0.266587	0.268331	0.232803
HG01855	0.232460	0.266758	0.268320	0.232462
HG01857	0.232626	0.266637	0.267900	0.232837
HG01858	0.232506	0.266162	0.268250	0.233082
HG01859	0.232669	0.266432	0.268365	0.232534
HG01860	0.232937	0.266440	0.267810	0.232812
HG01861	0.232472	0.266746	0.268186	0.232596
HG01862	0.232446	0.266522	0.268000	0.233033
HG01863	0.232665	0.266636	0.268067	0.232632
HG01864	0.232452	0.266274	0.268514	0.232760
HG01865	0.232550	0.266582	0.268194	0.232674
HG01866	0.232636	0.266636	0.268086	0.232641
HG01867	0.232517	0.266196	0.268336	0.232950
HG01868	0.232655	0.266947	0.268072	0.232326
HG01869	0.232204	0.266738	0.268440	0.232618
HG01870	0.232387	0.266548	0.268529	0.232535
HG01871	0.232208	0.266863	0.268318	0.232611
HG01872	0.232451	0.266448	0.268333	0.232769
HG01873	0.232117	0.266938	0.268340	0.232605
HG01874	0.232680	0.266641	0.268195	0.232484
HG01878	0.232423	0.266494	0.268434	0.232649
HG02016	0.232594	0.266300	0.268119	0.232987
HG02017	0.232372	0.266630	0.268175	0.232823
HG02019	0.232603	0.266618	0.268281	0.232498
HG02020	0.232433	0.266851	0.268194	0.232522
HG02023	0.232350	0.266493	0.268234	0.232923
HG02025	0.232499	0.266845	0.268106	0.232550
HG02026	0.232301	0.266568	0.268242	0.232889
HG02028	0.232258	0.266811	0.268099	0.232832
HG02029	0.232361	0.266577	0.268271	0.232791
HG02031	0.232395	0.266300	0.268372	0.232934
HG02032	0.232197	0.266647	0.268550	0.232606
HG02035	0.232147	0.266961	0.268319	0.232573
HG02040	0.232655	0.266858	0.268029	0.232458
HG02047	0.232303	0.266962	0.268535	0.232199
HG02048	0.232452	0.266441	0.268339	0.232768
HG02049	0.232230	0.266764	0.268363	0.232643
HG02050	0.232330	0.266700	0.268310	0.232660
HG02057	0.232366	0.266276	0.268362	0.232996
HG02058	0.232401	0.266773	0.268201	0.232624
HG02060	0.232871	0.266116	0.268187	0.232826
HG02061	0.232359	0.266327	0.268461	0.232852
HG02064	0.232605	0.266101	0.268440	0.232854
HG02067	0.232475	0.266654	0.268182	0.232689
HG02069	0.232880	0.266276	0.267900	0.232944
HG02070	0.232548	0.266940	0.267839	0.232673
HG02072	0.232507	0.266366	0.268097	0.233030
HG02073	0.232319	0.266491	0.268497	0.232692
HG02075	0.232152	0.267468	0.268259	0.232120
HG02076	0.232447	0.266285	0.268403	0.232865
HG02078	0.232395	0.266619	0.268324	0.232663
HG02079	0.232135	0.266659	0.268561	0.232645
HG02081	0.232321	0.266598	0.268578	0.232503
HG02082	0.232648	0.266330	0.268355	0.232666
HG02084	0.232523	0.266260	0.268335	0.232882
HG02085	0.232958	0.266794	0.267688	0.232559
HG02086	0.232678	0.266767	0.268163	0.232392
HG02087	0.232606	0.266217	0.268235	0.232941
HG02088	0.232426	0.266510	0.268320	0.232744
HG02113	0.232378	0.266320	0.268384	0.232918
HG02116	0.232832	0.266484	0.268086	0.232598
HG02121	0.232275	0.266398	0.268235	0.233092
HG02122	0.232657	0.266482	0.268060	0.232801
HG02127	0.232660	0.266487	0.268128	0.232725
HG02128	0.232148	0.266301	0.268652	0.232899
HG02130	0.232659	0.266591	0.268287	0.232463
HG02131	0.232569	0.266360	0.268253	0.232817
HG02133	0.232425	0.266752	0.268262	0.232562
HG02134	0.232877	0.266440	0.267946	0.232737
HG02136	0.232645	0.266344	0.267896	0.233116
HG02137	0.232269	0.266560	0.268489	0.232682
HG02138	0.232608	0.266421	0.268193	0.232778
HG02139	0.231964	0.266593	0.268691	0.232752
HG02140	0.232652	0.266684	0.268202	0.232463
HG02141	0.232591	0.266653	0.268283	0.232473
HG02142	0.232499	0.266468	0.268297	0.232736
HG02151	0.232174	0.266866	0.268141	0.232819
HG02152	0.232202	0.266633	0.268166	0.232998
HG02153	0.232476	0.266558	0.268058	0.232908
HG02154	0.232401	0.266862	0.268190	0.232547
HG02155	0.232466	0.266599	0.268158	0.232778
HG02156	0.232236	0.266723	0.268272	0.232769
HG02164	0.232752	0.266495	0.267869	0.232884
HG02165	0.232338	0.266871	0.268045	0.232746
HG02166	0.232708	0.266371	0.267947	0.232974
HG02178	0.233004	0.266681	0.267866	0.232449
HG02179	0.232606	0.266581	0.268153	0.232660
HG02180	0.232220	0.266852	0.268230	0.232698
HG02181	0.232273	0.266493	0.268560	0.232673
HG02182	0.232275	0.266621	0.268481	0.232624
HG02184	0.232068	0.266748	0.268743	0.232442
HG02185	0.232621	0.266304	0.268300	0.232774
HG02186	0.232780	0.266793	0.268019	0.232408
HG02187	0.232804	0.265859	0.268087	0.233250
HG02188	0.232487	0.266096	0.268193	0.233224
HG02190	0.232350	0.266163	0.268264	0.233223
HG02215	0.232782	0.266921	0.268015	0.232281
HG02219	0.232136	0.267571	0.268226	0.232068
HG02220	0.232130	0.267167	0.268632	0.232071
HG02221	0.231933	0.267021	0.268534	0.232512
HG02223	0.232466	0.267248	0.268266	0.232020
HG02224	0.232239	0.267309	0.268285	0.232167
HG02230	0.232270	0.267118	0.267929	0.232684
HG02231	0.232452	0.266886	0.268469	0.232194
HG02232	0.232446	0.267023	0.268161	0.232369
HG02233	0.232331	0.267310	0.268342	0.232018
HG02235	0.232223	0.267467	0.268468	0.231842
HG02236	0.231777	0.267207	0.268809	0.232207
HG02238	0.232258	0.267249	0.268175	0.232318
HG02239	0.231924	0.266951	0.268413	0.232713
HG02250	0.232423	0.266404	0.268114	0.233059
HG02351	0.232429	0.266262	0.268717	0.232592
HG02353	0.232550	0.266941	0.268009	0.232501
HG02355	0.232779	0.266920	0.267988	0.232312
HG02356	0.232673	0.266054	0.268212	0.233061
HG02360	0.232609	0.266957	0.267854	0.232579
HG02364	0.232239	0.266809	0.268657	0.232294
HG02367	0.232255	0.266622	0.268493	0.232630
HG02371	0.232460	0.267097	0.268316	0.232126
HG02373	0.233101	0.266266	0.267823	0.232810
HG02374	0.232053	0.266181	0.268836	0.232930
HG02375	0.232529	0.266463	0.267997	0.233010
HG02379	0.232736	0.266363	0.268209	0.232692
HG02380	0.232647	0.266874	0.267743	0.232736
HG02382	0.232229	0.266537	0.268134	0.233101
HG02383	0.232143	0.266808	0.268529	0.232519
HG02384	0.232554	0.266604	0.268134	0.232708
HG02385	0.232504	0.266438	0.268138	0.232920
HG02386	0.232377	0.266880	0.268265	0.232478
HG02389	0.232475	0.266879	0.267950	0.232697
HG02390	0.232228	0.266684	0.268731	0.232357
HG02391	0.232212	0.266469	0.268589	0.232730
HG02392	0.232655	0.266942	0.268126	0.232277
HG02394	0.232737	0.266520	0.268044	0.232699
HG02395	0.232367	0.266972	0.268387	0.232273
HG02396	0.232895	0.266277	0.268123	0.232704
HG02397	0.232570	0.266535	0.268016	0.232878
HG02398	0.232532	0.266766	0.268113	0.232589
HG02399	0.232396	0.266435	0.268601	0.232568
HG02401	0.232085	0.266808	0.268320	0.232787
HG02402	0.232536	0.266365	0.268115	0.232984
HG02406	0.232919	0.266606	0.267570	0.232904
HG02407	0.232713	0.266752	0.267762	0.232773
HG02408	0.232176	0.266558	0.268034	0.233232
HG02409	0.232205	0.266568	0.268348	0.232879
HG02410	0.232348	0.266909	0.268277	0.232466
HG02461	0.228522	0.270830	0.271675	0.228973
HG02462	0.228407	0.270645	0.272127	0.228820
HG02464	0.228233	0.271393	0.272489	0.227885
HG02465	0.228070	0.270608	0.272386	0.228936
HG02490	0.231960	0.267389	0.268376	0.232275
HG02491	0.232291	0.267069	0.268137	0.232502
HG02493	0.232874	0.266944	0.267895	0.232287
HG02494	0.231897	0.267338	0.268675	0.232090
HG02512	0.232500	0.266930	0.268256	0.232313
HG02513	0.232345	0.266196	0.268550	0.232909
HG02521	0.232057	0.266342	0.268380	0.233221
HG02522	0.231980	0.266744	0.268589	0.232687
HG02561	0.228268	0.271206	0.272335	0.228191
HG02562	0.227738	0.271185	0.272447	0.228630
HG02568	0.228086	0.270764	0.272550	0.228600
HG02570	0.228369	0.270625	0.272238	0.228768
HG02571	0.228041	0.270784	0.272616	0.228559
HG02573	0.227942	0.270632	0.272443	0.228983
HG02574	0.228628	0.270710	0.272259	0.228404
HG02582	0.228020	0.270936	0.272514	0.228530
HG02583	0.227985	0.270565	0.272797	0.228653
HG02585	0.228463	0.270761	0.272452	0.228324
HG02586	0.227775	0.271512	0.272259	0.228454
HG02588	0.228218	0.270623	0.272576	0.228583
HG02589	0.228028	0.270773	0.272353	0.228846
HG02594	0.228005	0.270500	0.272298	0.229197
HG02595	0.228429	0.271103	0.271766	0.228703
HG02597	0.232228	0.267570	0.268290	0.231912
HG02600	0.232099	0.267199	0.268669	0.232033
HG02601	0.232235	0.266897	0.268498	0.232371
HG02603	0.232108	0.267433	0.268096	0.232362
HG02604	0.232203	0.267180	0.268325	0.232291
HG02610	0.227702	0.270931	0.272825	0.228542
HG02611	0.227986	0.270810	0.272157	0.229047
HG02613	0.228317	0.270804	0.272069	0.228809
HG02614	0.227846	0.271075	0.272101	0.228978
HG02620	0.227673	0.271136	0.272532	0.228659
HG02621	0.227594	0.270622	0.272821	0.228964
HG02623	0.228495	0.270464	0.272014	0.229028
HG02624	0.228314	0.270927	0.272399	0.228361
HG02628	0.228438	0.270774	0.272009	0.228779
HG02629	0.228158	0.270750	0.272663	0.228429
HG02634	0.228181	0.270737	0.272488	0.228594
HG02635	0.228315	0.271011	0.272351	0.228323
HG02642	0.227898	0.270981	0.272349	0.228772
HG02643	0.228438	0.270852	0.272065	0.228645
HG02645	0.227830	0.271155	0.272760	0.228255
HG02646	0.227726	0.270672	0.272537	0.229065
HG02648	0.231945	0.267350	0.268552	0.232153
HG02649	0.231762	0.266933	0.268886	0.232418
HG02651	0.232542	0.266812	0.268107	0.232538
HG02652	0.232272	0.267532	0.268212	0.231984
HG02654	0.232184	0.267345	0.267869	0.232603
HG02655	0.232401	0.266941	0.268312	0.232345
HG02657	0.232422	0.266926	0.268132	0.232520
HG02658	0.231888	0.267531	0.268547	0.232034
HG02660	0.232374	0.267186	0.268169	0.232272
HG02661	0.231879	0.267122	0.268554	0.232445
HG02666	0.228526	0.270821	0.272573	0.228080
HG02667	0.228439	0.271097	0.271979	0.228486
HG02675	0.228083	0.271088	0.272338	0.228491
HG02676	0.227994	0.270804	0.272283	0.228919
HG02678	0.228222	0.271059	0.272357	0.228361
HG02679	0.227983	0.270930	0.272446	0.228641
HG02681	0.232172	0.267189	0.268455	0.232184
HG02682	0.232520	0.266876	0.268217	0.232388
HG02684	0.231816	0.267070	0.268451	0.232663
HG02685	0.232202	0.267094	0.268442	0.232262
HG02687	0.232457	0.267236	0.268284	0.232023
HG02688	0.232366	0.267748	0.267939	0.231946
HG02690	0.232141	0.267104	0.268295	0.232460
HG02691	0.232279	0.267079	0.268487	0.232154
HG02694	0.232176	0.267154	0.268371	0.232299
HG02696	0.232238	0.267180	0.268323	0.232258
HG02697	0.232386	0.267079	0.268282	0.232253
HG02699	0.232201	0.267631	0.268206	0.231962
HG02700	0.232264	0.267217	0.268355	0.232163
HG02702	0.228249	0.270766	0.272241	0.228744
HG02703	0.228130	0.270871	0.272560	0.228439
HG02715	0.228055	0.271200	0.272488	0.228258
HG02716	0.227856	0.271109	0.272560	0.228475
HG02721	0.228181	0.270793	0.272320	0.228707
HG02722	0.228319	0.271100	0.272270	0.228311
HG02724	0.232008	0.267264	0.268654	0.232074
HG02725	0.232092	0.266968	0.268586	0.232354
HG02727	0.232035	0.266933	0.268697	0.232334
HG02728	0.231759	0.267198	0.268905	0.232138
HG02731	0.232097	0.267364	0.268470	0.232068
HG02733	0.232345	0.267287	0.268318	0.232050
HG02734	0.232044	0.267012	0.268455	0.232490
HG02736	0.232103	0.267426	0.268164	0.232307
HG02737	0.232354	0.267188	0.268247	0.232211
HG02756	0.228196	0.270740	0.272136	0.228929
HG02757	0.228089	0.270589	0.272387	0.228935
HG02759	0.228486	0.270203	0.271938	0.229373
HG02760	0.228374	0.271127	0.271894	0.228606
HG02763	0.227964	0.270824	0.272431	0.228782
HG02768	0.227900	0.271348	0.272235	0.228517
HG02769	0.228315	0.271339	0.272292	0.228054
HG02771	0.228487	0.271032	0.272125	0.228356
HG02772	0.227823	0.271157	0.272682	0.228338
HG02774	0.232318	0.266984	0.268101	0.232597
HG02775	0.232226	0.266898	0.268144	0.232732
HG02778	0.231705	0.267352	0.268869	0.232074
HG02780	0.231975	0.267054	0.268338	0.232633
HG02783	0.232586	0.266972	0.267786	0.232657
HG02784	0.231714	0.267572	0.268700	0.232013
HG02786	0.232416	0.267290	0.267937	0.232358
HG02787	0.232041	0.267031	0.268677	0.232250
HG02789	0.232430	0.266987	0.268387	0.232196
HG02790	0.232339	0.267413	0.268224	0.232024
HG02792	0.232226	0.267048	0.268516	0.232211
HG02793	0.232054	0.267031	0.268339	0.232576
HG02798	0.228517	0.271255	0.271979	0.228249
HG02799	0.228237	0.270867	0.272243	0.228653
HG02804	0.227893	0.271005	0.272449	0.228653
HG02805	0.228053	0.271280	0.272375	0.228291
HG02807	0.228555	0.270840	0.272215	0.228389
HG02808	0.228035	0.271355	0.272260	0.228350
HG02810	0.228461	0.270366	0.272110	0.229063
HG02811	0.227987	0.271275	0.272376	0.228362
HG02813	0.228084	0.270820	0.272007	0.229090
HG02814	0.228020	0.270708	0.272357	0.228915
HG02816	0.228305	0.270500	0.272198	0.228998
HG02817	0.228453	0.270835	0.272048	0.228664
HG02819	0.228100	0.271180	0.272654	0.228065
HG02820	0.227838	0.271113	0.272735	0.228314
HG02836	0.228142	0.270987	0.272349	0.228522
HG02837	0.228332	0.271210	0.271992	0.228465
HG02839	0.228201	0.270767	0.272308	0.228723
HG02840	0.227705	0.270892	0.272816	0.228587
HG02851	0.228466	0.270726	0.272261	0.228548
HG02852	0.228631	0.270708	0.272156	0.228505
HG02854	0.228129	0.270910	0.272432	0.228529
HG02855	0.228243	0.271147	0.272014	0.228596
HG02860	0.228603	0.271454	0.271764	0.228179
HG02861	0.228177	0.270750	0.271980	0.229093
HG02870	0.228023	0.270733	0.272491	0.228754
HG02878	0.227743	0.270928	0.272518	0.228811
HG02879	0.228362	0.270552	0.272384	0.228701
HG02881	0.228296	0.270598	0.272096	0.229011
HG02882	0.228632	0.270662	0.271959	0.228747
HG02884	0.228075	0.270548	0.272342	0.229034
HG02885	0.228368	0.270800	0.272107	0.228726
HG02887	0.228162	0.270987	0.272362	0.228490
HG02888	0.228125	0.271109	0.272224	0.228541
HG02890	0.228185	0.270940	0.272276	0.228600
HG02891	0.228287	0.270797	0.272590	0.228326
HG02895	0.227930	0.270851	0.272446	0.228772
HG02896	0.228009	0.271137	0.272127	0.228727
HG02922	0.228247	0.270960	0.272199	0.228594
HG02923	0.227964	0.271278	0.272413	0.228346
HG02938	0.227999	0.271523	0.272339	0.228138
HG02941	0.227909	0.271074	0.272474	0.228543
HG02943	0.228111	0.271028	0.272108	0.228753
HG02944	0.227924	0.270732	0.272437	0.228907
HG02946	0.228213	0.271047	0.272265	0.228475
HG02947	0.228087	0.270819	0.272581	0.228513
HG02952	0.228005	0.271172	0.272458	0.228365
HG02953	0.228496	0.270905	0.272051	0.228549
HG02968	0.227774	0.271053	0.272742	0.228432
HG02970	0.228049	0.271261	0.272268	0.228422
HG02971	0.228209	0.271318	0.272332	0.228141
HG02973	0.227638	0.271345	0.272403	0.228614
HG02974	0.228382	0.270636	0.272360	0.228623
HG02976	0.227824	0.270993	0.272825	0.228358
HG02977	0.228157	0.270881	0.272617	0.228344
HG02979	0.227568	0.271085	0.272774	0.228573
HG02981	0.227946	0.270710	0.272559	0.228785
HG02982	0.227744	0.271385	0.272503	0.228368
HG02983	0.227999	0.270461	0.272700	0.228839
HG03006	0.232014	0.267754	0.268413	0.231818
HG03007	0.232161	0.267158	0.268318	0.232362
HG03009	0.231720	0.267219	0.268839	0.232222
HG03012	0.232490	0.267174	0.268014	0.232323
HG03015	0.232539	0.267218	0.267794	0.232449
HG03016	0.232184	0.266924	0.268157	0.232734
HG03018	0.232440	0.266930	0.268275	0.232355
HG03019	0.232249	0.267202	0.268202	0.232347
HG03021	0.232362	0.267045	0.268203	0.232390
HG03022	0.232190	0.267035	0.268345	0.232430
HG03024	0.228067	0.270971	0.272332	0.228630
HG03025	0.227876	0.270977	0.272466	0.228681
HG03027	0.227821	0.271203	0.272624	0.228352
HG03028	0.228344	0.271011	0.272075	0.228571
HG03039	0.228453	0.270956	0.272175	0.228416
HG03040	0.227928	0.270942	0.272384	0.228746
HG03045	0.227672	0.271104	0.272596	0.228627
HG03046	0.228466	0.271145	0.272068	0.228321
HG03048	0.228239	0.271007	0.272090	0.228665
HG03049	0.228175	0.270706	0.272885	0.228234
HG03052	0.227930	0.270751	0.272795	0.228524
HG03054	0.227583	0.271484	0.272885	0.228047
HG03055	0.227960	0.271287	0.272622	0.228131
HG03057	0.227667	0.271297	0.273018	0.228018
HG03058	0.228149	0.271561	0.272069	0.228222
HG03060	0.228225	0.271065	0.272541	0.228169
HG03061	0.228262	0.271371	0.272084	0.228282
HG03063	0.227963	0.271055	0.272678	0.228304
HG03064	0.227401	0.271518	0.272819	0.228262
HG03066	0.227664	0.270945	0.272500	0.228892
HG03069	0.227720	0.270896	0.273030	0.228354
HG03072	0.227895	0.270702	0.272725	0.228677
HG03073	0.228077	0.271221	0.272305	0.228398
HG03074	0.227729	0.271104	0.273181	0.227987
HG03077	0.227386	0.271028	0.272782	0.228804
HG03078	0.227360	0.271365	0.272993	0.228282
HG03079	0.227722	0.271578	0.272607	0.228093
HG03081	0.227625	0.270926	0.272889	0.228560
HG03082	0.228140	0.271247	0.272245	0.228368
HG03084	0.228019	0.271264	0.272445	0.228273
HG03085	0.227922	0.271161	0.272662	0.228255
HG03086	0.227661	0.271061	0.272831	0.228448
HG03088	0.228264	0.271034	0.272194	0.228508
HG03091	0.227735	0.271398	0.272671	0.228196
HG03095	0.227916	0.270692	0.272638	0.228754
HG03096	0.227658	0.271328	0.272577	0.228438
HG03097	0.227762	0.271295	0.272704	0.228239
HG03099	0.227860	0.271620	0.272255	0.228264
HG03100	0.228185	0.270649	0.272355	0.228811
HG03103	0.228045	0.271407	0.272223	0.228325
HG03105	0.227788	0.271445	0.272481	0.228286
HG03108	0.228012	0.271573	0.272485	0.227930
HG03109	0.227854	0.271254	0.272512	0.228380
HG03111	0.228169	0.270630	0.272672	0.228529
HG03112	0.227978	0.271613	0.272292	0.228117
HG03114	0.228122	0.271022	0.272426	0.228430
HG03115	0.228187	0.270926	0.272447	0.228440
HG03117	0.228337	0.271026	0.272232	0.228404
HG03118	0.228091	0.271041	0.272259	0.228610
HG03120	0.227940	0.271275	0.272489	0.228297
HG03121	0.228011	0.270777	0.272651	0.228560
HG03123	0.228100	0.271350	0.272200	0.228350
HG03124	0.227607	0.271414	0.272522	0.228457
HG03126	0.228190	0.271836	0.271988	0.227986
HG03127	0.227738	0.271082	0.272428	0.228752
HG03129	0.227735	0.271047	0.272988	0.228230
HG03130	0.228134	0.271056	0.272520	0.228290
HG03132	0.227757	0.271089	0.272681	0.228472
HG03133	0.228246	0.271157	0.272370	0.228227
HG03135	0.227806	0.271457	0.272414	0.228323
HG03136	0.228129	0.271629	0.272160	0.228083
HG03139	0.228199	0.270868	0.272402	0.228531
HG03157	0.227786	0.270971	0.272572	0.228671
HG03159	0.227770	0.271659	0.272711	0.227860
HG03160	0.227890	0.270755	0.272868	0.228486
HG03162	0.227634	0.271460	0.272854	0.228053
HG03163	0.227905	0.270777	0.272665	0.228653
HG03166	0.227994	0.270333	0.272324	0.229349
HG03168	0.228350	0.270702	0.272341	0.228607
HG03169	0.228222	0.271389	0.272247	0.228142
HG03172	0.227985	0.270680	0.272108	0.229227
HG03175	0.227748	0.271256	0.272622	0.228374
HG03189	0.227845	0.271302	0.272447	0.228406
HG03190	0.228065	0.271000	0.272004	0.228932
HG03193	0.228152	0.271151	0.272313	0.228385
HG03195	0.228014	0.271311	0.272020	0.228655
HG03196	0.227717	0.271451	0.272775	0.228056
HG03198	0.228157	0.270774	0.272319	0.228749
HG03199	0.228100	0.271194	0.272498	0.228207
HG03202	0.228020	0.271047	0.272649	0.228285
HG03209	0.227500	0.271662	0.272947	0.227890
HG03212	0.227334	0.271375	0.273381	0.227910
HG03224	0.227726	0.270893	0.272901	0.228480
HG03225	0.227511	0.271525	0.272781	0.228183
HG03228	0.232364	0.267614	0.268274	0.231748
HG03229	0.232119	0.267552	0.268363	0.231966
HG03234	0.232264	0.267563	0.268132	0.232041
HG03235	0.232718	0.267471	0.267844	0.231967
HG03237	0.232302	0.267407	0.268200	0.232091
HG03238	0.232405	0.266978	0.268059	0.232558
HG03240	0.227738	0.270830	0.272634	0.228799
HG03241	0.227946	0.271011	0.272268	0.228775
HG03246	0.228032	0.270817	0.272323	0.228828
HG03247	0.228303	0.270972	0.272359	0.228366
HG03258	0.227857	0.270989	0.272595	0.228558
HG03259	0.228570	0.270864	0.272229	0.228338
HG03265	0.227798	0.271264	0.272637	0.228302
HG03267	0.228004	0.270837	0.272504	0.228655
HG03268	0.228142	0.270453	0.272219	0.229185
HG03270	0.227814	0.270957	0.272590	0.228639
HG03271	0.227943	0.270970	0.272756	0.228331
HG03279	0.227705	0.271180	0.272838	0.228277
HG03280	0.228085	0.271013	0.272289	0.228614
HG03291	0.227960	0.271032	0.272187	0.228821
HG03294	0.228037	0.271320	0.272556	0.228086
HG03295	0.228104	0.271460	0.272705	0.227731
HG03297	0.227986	0.270885	0.272562	0.228567
HG03298	0.227750	0.270978	0.272854	0.228417
HG03300	0.228069	0.271073	0.272393	0.228465
HG03301	0.228305	0.271274	0.272164	0.228258
HG03303	0.227721	0.271485	0.272482	0.228311
HG03304	0.228175	0.271323	0.272348	0.228154
HG03311	0.228062	0.271219	0.272764	0.227955
HG03313	0.227842	0.271171	0.272749	0.228238
HG03342	0.228220	0.271360	0.272125	0.228295
HG03343	0.228009	0.271066	0.272643	0.228282
HG03351	0.228118	0.271201	0.272207	0.228474
HG03352	0.228484	0.271284	0.272146	0.228086
HG03354	0.228282	0.271253	0.272249	0.228216
HG03363	0.227937	0.271032	0.272452	0.228579
HG03366	0.228112	0.271026	0.272314	0.228548
HG03367	0.227805	0.271091	0.272681	0.228422
HG03369	0.228247	0.271575	0.272272	0.227906
HG03370	0.227693	0.271469	0.272594	0.228245
HG03372	0.228017	0.271327	0.272556	0.228100
HG03376	0.227389	0.271164	0.273035	0.228412
HG03378	0.228072	0.271130	0.272036	0.228762
HG03380	0.227894	0.271074	0.272566	0.228466
HG03382	0.228026	0.271368	0.272631	0.227976
HG03385	0.227850	0.271368	0.272669	0.228112
HG03388	0.227863	0.271153	0.272646	0.228338
HG03391	0.227672	0.271712	0.272773	0.227843
HG03394	0.227468	0.271199	0.272940	0.228393
HG03397	0.228533	0.270767	0.272264	0.228436
HG03401	0.227509	0.271653	0.272762	0.228076
HG03410	0.227931	0.271454	0.272623	0.227992
HG03419	0.227796	0.271072	0.272620	0.228512
HG03428	0.227674	0.270890	0.272728	0.228708
HG03432	0.227687	0.271447	0.272594	0.228272
HG03433	0.227442	0.271431	0.272543	0.228584
HG03436	0.228098	0.271118	0.272473	0.228310
HG03437	0.227738	0.271445	0.272427	0.228389
HG03439	0.227533	0.271183	0.272935	0.228348
HG03442	0.227396	0.271235	0.272927	0.228442
HG03445	0.228155	0.270895	0.272531	0.228419
HG03446	0.227544	0.271304	0.272919	0.228233
HG03449	0.227877	0.271237	0.272405	0.228481
HG03451	0.227766	0.271164	0.272708	0.228362
HG03452	0.227838	0.271044	0.272524	0.228594
HG03455	0.227667	0.271424	0.272848	0.228062
HG03457	0.227720	0.271263	0.272576	0.228442
HG03458	0.227699	0.271223	0.272709	0.228369
HG03460	0.227678	0.271451	0.272606	0.228265
HG03461	0.227206	0.271339	0.273246	0.228208
HG03464	0.227796	0.271112	0.272544	0.228548
HG03469	0.227475	0.271558	0.272877	0.228090
HG03470	0.228460	0.270718	0.272170	0.228652
HG03472	0.228090	0.271419	0.272293	0.228198
HG03473	0.227533	0.271179	0.272836	0.228452
HG03476	0.227997	0.271442	0.272627	0.227934
HG03478	0.227580	0.271550	0.272779	0.228090
HG03479	0.227807	0.271129	0.272396	0.228668
HG03484	0.227726	0.271181	0.272602	0.228490
HG03485	0.227869	0.271472	0.272619	0.228041
HG03488	0.232418	0.267036	0.268418	0.232128
HG03490	0.232083	0.267397	0.268244	0.232275
HG03491	0.232080	0.267183	0.268289	0.232447
HG03499	0.228103	0.271258	0.272173	0.228467
HG03511	0.228628	0.270874	0.271947	0.228550
HG03514	0.228086	0.271083	0.272295	0.228536
HG03515	0.228148	0.271079	0.272082	0.228691
HG03517	0.227916	0.271341	0.272811	0.227932
HG03518	0.227830	0.271069	0.272879	0.228222
HG03520	0.228178	0.270856	0.272660	0.228306
HG03521	0.228258	0.270873	0.272042	0.228827
HG03538	0.227946	0.271322	0.272355	0.228377
HG03539	0.228888	0.270755	0.271794	0.228562
HG03547	0.227676	0.271042	0.272977	0.228305
HG03548	0.227589	0.270785	0.272975	0.228650
HG03556	0.228212	0.270913	0.272184	0.228692
HG03557	0.228035	0.271327	0.272705	0.227933
HG03558	0.227643	0.271313	0.272846	0.228199
HG03559	0.227797	0.271197	0.272895	0.228112
HG03563	0.227653	0.271549	0.272797	0.228002
HG03565	0.227635	0.270943	0.272698	0.228724
HG03567	0.227548	0.271356	0.272720	0.228377
HG03571	0.227806	0.271195	0.272836	0.228164
HG03572	0.227354	0.271304	0.272916	0.228426
HG03575	0.227482	0.271113	0.273223	0.228181
HG03577	0.227463	0.271261	0.272657	0.228619
HG03578	0.228011	0.271345	0.272259	0.228386
HG03583	0.227684	0.271462	0.272839	0.228016
HG03585	0.231967	0.267011	0.268862	0.232160
HG03589	0.232285	0.267063	0.268417	0.232235
HG03593	0.232441	0.267500	0.267913	0.232146
HG03594	0.232241	0.267447	0.268229	0.232083
HG03595	0.232368	0.267237	0.268406	0.231989
HG03598	0.232193	0.267248	0.268674	0.231885
HG03600	0.232092	0.266993	0.268432	0.232484
HG03603	0.232146	0.266800	0.268532	0.232523
HG03604	0.232494	0.267006	0.268388	0.232112
HG03607	0.232346	0.266634	0.268279	0.232741
HG03611	0.232500	0.267008	0.268237	0.232255
HG03615	0.232500	0.266811	0.268347	0.232342
HG03616	0.231928	0.267079	0.268504	0.232490
HG03619	0.232232	0.266949	0.268207	0.232612
HG03624	0.232525	0.267106	0.268003	0.232366
HG03625	0.231731	0.267455	0.268535	0.232279
HG03629	0.232072	0.267305	0.268297	0.232326
HG03631	0.232517	0.266802	0.268081	0.232600
HG03634	0.232062	0.267242	0.268579	0.232118
HG03636	0.232132	0.266941	0.268570	0.232357
HG03640	0.231860	0.267157	0.268487	0.232496
HG03642	0.232312	0.267482	0.268372	0.231833
HG03643	0.231869	0.267332	0.268684	0.232116
HG03644	0.232128	0.267687	0.268318	0.231866
HG03645	0.232163	0.267333	0.268503	0.232001
HG03646	0.231788	0.267529	0.268715	0.231968
HG03649	0.232561	0.266717	0.268286	0.232437
HG03652	0.232098	0.267088	0.268453	0.232360
HG03653	0.232674	0.267085	0.268010	0.232232
HG03660	0.232285	0.267242	0.267954	0.232520
HG03663	0.232672	0.267058	0.267926	0.232343
HG03667	0.232353	0.266932	0.268332	0.232383
HG03668	0.232278	0.267866	0.268303	0.231554
HG03672	0.232187	0.266829	0.268072	0.232912
HG03673	0.232122	0.267254	0.268605	0.232019
HG03679	0.232630	0.267177	0.268111	0.232081
HG03680	0.232062	0.267460	0.268107	0.232371
HG03681	0.232007	0.267084	0.268477	0.232432
HG03684	0.231969	0.267100	0.268655	0.232276
HG03685	0.231759	0.267339	0.268768	0.232134
HG03686	0.232395	0.267403	0.268064	0.232138
HG03687	0.231985	0.267234	0.268494	0.232286
HG03689	0.232062	0.267526	0.268482	0.231931
HG03690	0.232660	0.267106	0.268063	0.232172
HG03691	0.231702	0.267290	0.268639	0.232368
HG03692	0.232060	0.267037	0.268562	0.232342
HG03693	0.231814	0.267266	0.268929	0.231991
HG03694	0.232300	0.266859	0.268436	0.232405
HG03695	0.232074	0.267540	0.268719	0.231667
HG03696	0.232309	0.267324	0.267988	0.232379
HG03697	0.232017	0.267439	0.268526	0.232019
HG03698	0.232202	0.267254	0.268408	0.232136
HG03702	0.231792	0.267018	0.268680	0.232510
HG03703	0.232303	0.266665	0.268460	0.232572
HG03705	0.232206	0.266773	0.268287	0.232734
HG03706	0.232080	0.266616	0.268687	0.232617
HG03708	0.231360	0.267653	0.268873	0.232114
HG03709	0.232160	0.267358	0.268159	0.232323
HG03711	0.232530	0.267290	0.268004	0.232175
HG03713	0.232680	0.267767	0.267774	0.231779
HG03714	0.232163	0.267154	0.268349	0.232334
HG03716	0.232478	0.266973	0.268465	0.232084
HG03717	0.232239	0.266931	0.268629	0.232201
HG03718	0.232234	0.267173	0.268558	0.232035
HG03720	0.232163	0.267437	0.268642	0.231758
HG03722	0.232123	0.266904	0.268656	0.232317
HG03727	0.232197	0.267203	0.268380	0.232220
HG03729	0.231934	0.267076	0.268559	0.232432
HG03730	0.231822	0.267509	0.268648	0.232021
HG03731	0.232456	0.267051	0.268135	0.232358
HG03733	0.232029	0.267365	0.268295	0.232311
HG03736	0.232053	0.267262	0.268537	0.232148
HG03738	0.232092	0.267277	0.268264	0.232367
HG03740	0.232167	0.266938	0.268355	0.232540
HG03741	0.232110	0.267084	0.268340	0.232466
HG03742	0.232195	0.267310	0.268086	0.232410
HG03743	0.232280	0.267290	0.268139	0.232291
HG03744	0.232603	0.266648	0.268268	0.232481
HG03745	0.231957	0.267233	0.268636	0.232174
HG03746	0.232152	0.267467	0.268253	0.232128
HG03750	0.232145	0.266757	0.268681	0.232417
HG03752	0.232466	0.267413	0.268086	0.232034
HG03753	0.231918	0.267768	0.268006	0.232308
HG03754	0.231915	0.267019	0.268805	0.232261
HG03755	0.231666	0.267369	0.268806	0.232160
HG03756	0.232260	0.266975	0.268233	0.232532
HG03757	0.231929	0.266943	0.268714	0.232414
HG03760	0.232223	0.267734	0.268339	0.231704
HG03762	0.231909	0.267222	0.268599	0.232270
HG03765	0.232419	0.267038	0.268066	0.232477
HG03767	0.232431	0.267153	0.268049	0.232368
HG03770	0.232377	0.267148	0.268494	0.231981
HG03771	0.232418	0.266696	0.268312	0.232573
HG03772	0.231708	0.267110	0.268682	0.232500
HG03773	0.232102	0.267184	0.268434	0.232280
HG03774	0.231936	0.267504	0.268345	0.232215
HG03775	0.232680	0.266931	0.268140	0.232249
HG03777	0.232613	0.267204	0.267954	0.232229
HG03778	0.232501	0.267123	0.267947	0.232430
HG03779	0.232088	0.267343	0.268711	0.231859
HG03780	0.232294	0.267192	0.268342	0.232173
HG03781	0.232638	0.267413	0.268202	0.231747
HG03782	0.232065	0.267165	0.268535	0.232235
HG03784	0.232350	0.266876	0.268396	0.232378
HG03785	0.232184	0.267266	0.268476	0.232074
HG03786	0.232056	0.267100	0.268605	0.232239
HG03787	0.232226	0.267444	0.268336	0.231994
HG03788	0.232478	0.266912	0.268132	0.232477
HG03789	0.232280	0.267540	0.268210	0.231970
HG03790	0.232230	0.267461	0.268283	0.232026
HG03792	0.232437	0.267345	0.268172	0.232046
HG03793	0.232141	0.266829	0.268834	0.232196
HG03796	0.232277	0.266756	0.268290	0.232677
HG03800	0.231990	0.267385	0.268407	0.232217
HG03802	0.231833	0.266939	0.268498	0.232730
HG03803	0.232067	0.266940	0.268615	0.232378
HG03805	0.232336	0.267228	0.268378	0.232059
HG03808	0.232496	0.267080	0.267911	0.232513
HG03809	0.232256	0.267352	0.268185	0.232206
HG03812	0.231905	0.267090	0.268551	0.232454
HG03814	0.232468	0.266995	0.268150	0.232387
HG03815	0.231949	0.267653	0.268202	0.232196
HG03817	0.232010	0.267329	0.268434	0.232226
HG03821	0.232225	0.266935	0.268636	0.232205
HG03823	0.231917	0.267406	0.268600	0.232078
HG03824	0.231917	0.267020	0.268857	0.232205
HG03826	0.232121	0.267020	0.268218	0.232641
HG03829	0.232343	0.266919	0.268333	0.232405
HG03830	0.232312	0.267048	0.268387	0.232253
HG03832	0.231460	0.267444	0.268710	0.232386
HG03833	0.232038	0.267319	0.268403	0.232240
HG03836	0.231946	0.267181	0.268690	0.232183
HG03837	0.232363	0.267208	0.268018	0.232411
HG03838	0.232427	0.266828	0.268496	0.232249
HG03844	0.232327	0.266935	0.268452	0.232287
HG03846	0.231902	0.267266	0.268495	0.232338
HG03848	0.231753	0.267509	0.268455	0.232283
HG03849	0.231649	0.267058	0.268609	0.232683
HG03850	0.232292	0.267087	0.268349	0.232272
HG03851	0.232215	0.267144	0.268027	0.232615
HG03854	0.232236	0.266983	0.268444	0.232337
HG03856	0.232038	0.267111	0.268624	0.232227
HG03857	0.232017	0.267400	0.268379	0.232204
HG03858	0.232437	0.266849	0.268309	0.232404
HG03861	0.232428	0.267173	0.268147	0.232252
HG03862	0.232110	0.267158	0.268467	0.232265
HG03863	0.232136	0.267228	0.268422	0.232214
HG03864	0.232131	0.267537	0.268528	0.231804
HG03866	0.231884	0.267260	0.268698	0.232158
HG03867	0.231796	0.267269	0.268740	0.232194
HG03868	0.232240	0.266953	0.268082	0.232725
HG03869	0.231878	0.267352	0.268576	0.232193
HG03870	0.232089	0.267244	0.268568	0.232100
HG03871	0.231770	0.267489	0.268683	0.232059
HG03872	0.232013	0.267285	0.268543	0.232159
HG03873	0.231905	0.267061	0.268277	0.232758
HG03874	0.231732	0.267216	0.268553	0.232499
HG03875	0.232104	0.267510	0.268338	0.232048
HG03882	0.231780	0.267281	0.268784	0.232155
HG03884	0.232153	0.267523	0.268374	0.231950
HG03885	0.232550	0.266804	0.268342	0.232304
HG03886	0.232235	0.267359	0.268301	0.232105
HG03887	0.231860	0.267169	0.268548	0.232423
HG03888	0.232574	0.267200	0.268012	0.232214
HG03890	0.232221	0.267046	0.268405	0.232328
HG03894	0.232227	0.267357	0.268345	0.232071
HG03895	0.232291	0.267039	0.268278	0.232392
HG03896	0.231755	0.267296	0.268803	0.232146
HG03897	0.232163	0.267240	0.268232	0.232365
HG03898	0.231931	0.267337	0.268473	0.232258
HG03899	0.232077	0.267217	0.268383	0.232324
HG03900	0.231614	0.267433	0.268668	0.232285
HG03902	0.232460	0.267040	0.267999	0.232500
HG03905	0.232218	0.267314	0.268451	0.232018
HG03907	0.232362	0.267388	0.268446	0.231804
HG03908	0.231968	0.267016	0.268639	0.232377
HG03910	0.232811	0.267589	0.267480	0.232119
HG03911	0.232082	0.267516	0.268250	0.232153
HG03913	0.231903	0.266517	0.268654	0.232926
HG03914	0.232222	0.267451	0.268565	0.231762
HG03916	0.231897	0.267208	0.268502	0.232393
HG03917	0.231860	0.267203	0.268573	0.232364
HG03919	0.231874	0.267135	0.268460	0.232532
HG03920	0.232660	0.267566	0.267620	0.232154
HG03922	0.231881	0.267510	0.268698	0.231911
HG03925	0.232211	0.267507	0.268453	0.231829
HG03926	0.231957	0.267296	0.268663	0.232084
HG03928	0.232073	0.267515	0.268552	0.231860
HG03931	0.232120	0.267076	0.268476	0.232327
HG03934	0.232230	0.267609	0.268416	0.231744
HG03937	0.232176	0.266914	0.268205	0.232704
HG03940	0.232093	0.266938	0.268321	0.232648
HG03941	0.231925	0.267404	0.268777	0.231894
HG03943	0.231753	0.267430	0.268702	0.232114
HG03944	0.231661	0.267768	0.268832	0.231738
HG03945	0.231784	0.267347	0.268497	0.232371
HG03947	0.232330	0.267150	0.268428	0.232092
HG03949	0.232391	0.267604	0.268140	0.231866
HG03950	0.232358	0.267311	0.268330	0.232001
HG03951	0.232356	0.267480	0.268300	0.231863
HG03953	0.232037	0.267143	0.268381	0.232440
HG03955	0.232010	0.267977	0.268286	0.231726
HG03960	0.232056	0.267307	0.268268	0.232370
HG03963	0.232144	0.267266	0.268157	0.232433
HG03965	0.232168	0.267297	0.268689	0.231846
HG03967	0.232311	0.266987	0.268345	0.232357
HG03968	0.232178	0.267076	0.268378	0.232368
HG03969	0.232327	0.267064	0.268282	0.232327
HG03971	0.231930	0.267167	0.268739	0.232164
HG03973	0.232150	0.267634	0.268477	0.231739
HG03974	0.232058	0.266810	0.268789	0.232343
HG03976	0.232176	0.267007	0.268393	0.232424
HG03977	0.231972	0.267149	0.268904	0.231976
HG03978	0.232407	0.267052	0.268401	0.232139
HG03985	0.231803	0.267337	0.268913	0.231947
HG03986	0.232429	0.266846	0.268127	0.232598
HG03989	0.232336	0.267089	0.268230	0.232345
HG03990	0.231735	0.267050	0.268832	0.232383
HG03991	0.232112	0.267094	0.268370	0.232425
HG03995	0.232398	0.267498	0.268027	0.232077
HG03998	0.231527	0.267226	0.268494	0.232752
HG03999	0.232027	0.267275	0.268550	0.232147
HG04001	0.232178	0.267336	0.268373	0.232113
HG04002	0.231818	0.267311	0.268635	0.232236
HG04003	0.232201	0.267376	0.268248	0.232175
HG04006	0.232109	0.267202	0.268382	0.232307
HG04014	0.232015	0.267696	0.268183	0.232106
HG04015	0.231940	0.267020	0.268511	0.232528
HG04017	0.232386	0.267002	0.268350	0.232262
HG04018	0.231853	0.267392	0.268611	0.232144
HG04019	0.232134	0.267061	0.268436	0.232368
HG04020	0.232053	0.266917	0.268594	0.232436
HG04022	0.232246	0.267169	0.268134	0.232452
HG04023	0.232141	0.267165	0.268475	0.232220
HG04025	0.231889	0.267260	0.268313	0.232538
HG04026	0.232015	0.267292	0.268551	0.232142
HG04029	0.232279	0.267429	0.268112	0.232180
HG04033	0.232119	0.267254	0.268381	0.232246
HG04035	0.231989	0.267726	0.268087	0.232198
HG04038	0.232055	0.267236	0.268387	0.232323
HG04039	0.232140	0.267183	0.268543	0.232134
HG04042	0.232303	0.266984	0.268401	0.232312
HG04047	0.232246	0.267242	0.268283	0.232229
HG04054	0.231869	0.267135	0.268912	0.232084
HG04056	0.232175	0.267358	0.268413	0.232053
HG04059	0.232396	0.267331	0.268317	0.231956
HG04060	0.231860	0.267424	0.268767	0.231949
HG04061	0.231793	0.267578	0.268350	0.232279
HG04062	0.232253	0.267180	0.268662	0.231905
HG04063	0.232693	0.267313	0.267875	0.232119
HG04070	0.232320	0.266669	0.268235	0.232777
HG04075	0.232438	0.266936	0.268139	0.232487
HG04076	0.231717	0.267050	0.268604	0.232628
HG04080	0.232389	0.267095	0.268140	0.232375
HG04090	0.231810	0.267333	0.268856	0.232001
HG04093	0.231676	0.267088	0.268835	0.232401
HG04094	0.231991	0.267456	0.268591	0.231963
HG04096	0.232103	0.267016	0.268419	0.232461
HG04098	0.232062	0.267364	0.268169	0.232405
HG04099	0.232101	0.267096	0.268612	0.232192
HG04100	0.232178	0.267480	0.268468	0.231874
HG04106	0.232301	0.267194	0.268194	0.232311
HG04107	0.232332	0.267169	0.268601	0.231898
HG04118	0.232225	0.267256	0.268501	0.232018
HG04131	0.232090	0.267307	0.268187	0.232416
HG04134	0.232246	0.267569	0.268291	0.231895
HG04140	0.231883	0.267718	0.268782	0.231617
HG04141	0.231997	0.267173	0.268538	0.232292
HG04144	0.231865	0.267248	0.268442	0.232446
HG04146	0.231943	0.267090	0.268658	0.232309
HG04152	0.232454	0.267145	0.268158	0.232242
HG04153	0.232421	0.266819	0.268395	0.232365
HG04155	0.232627	0.266968	0.268012	0.232393
HG04156	0.232106	0.267047	0.268547	0.232300
HG04158	0.232543	0.267121	0.268055	0.232281
HG04159	0.232584	0.267550	0.268021	0.231845
HG04161	0.232093	0.267228	0.268514	0.232164
HG04162	0.232193	0.267171	0.268526	0.232110
HG04164	0.231878	0.267155	0.268784	0.232184
HG04171	0.231572	0.267424	0.268758	0.232246
HG04173	0.232395	0.267230	0.268019	0.232356
HG04176	0.231908	0.267186	0.268633	0.232273
HG04177	0.231820	0.267165	0.268480	0.232535
HG04180	0.232112	0.267079	0.267935	0.232874
HG04182	0.232124	0.267246	0.268461	0.232169
HG04183	0.231978	0.267171	0.268462	0.232389
HG04185	0.232074	0.267172	0.268279	0.232475
HG04186	0.232161	0.267082	0.268595	0.232162
HG04188	0.231943	0.267118	0.268473	0.232466
HG04189	0.232639	0.266981	0.268158	0.232222
HG04194	0.231826	0.266583	0.268615	0.232976
HG04195	0.231937	0.267241	0.268324	0.232499
HG04198	0.232062	0.267225	0.268545	0.232168
HG04200	0.232267	0.267226	0.268103	0.232404
HG04202	0.232585	0.266769	0.268153	0.232493
HG04206	0.232106	0.267193	0.268283	0.232419
HG04209	0.232090	0.267041	0.268249	0.232620
HG04210	0.232112	0.267168	0.268126	0.232594
HG04211	0.231934	0.267388	0.268690	0.231988
HG04212	0.232146	0.267314	0.268373	0.232167
HG04214	0.231922	0.267135	0.268308	0.232636
HG04216	0.232208	0.267269	0.268146	0.232377
HG04219	0.232116	0.267001	0.268554	0.232330
HG04222	0.232566	0.266986	0.267769	0.232679
HG04225	0.232422	0.267163	0.268223	0.232192
HG04227	0.231732	0.267132	0.268465	0.232671
HG04229	0.232142	0.267376	0.268145	0.232336
HG04235	0.232087	0.267355	0.267987	0.232571
HG04238	0.232228	0.267275	0.268059	0.232438
HG04239	0.232174	0.267383	0.268390	0.232053
NA06984	0.232761	0.266750	0.267813	0.232676
NA06985	0.232138	0.266842	0.268396	0.232624
NA06986	0.232847	0.266690	0.268015	0.232449
NA06989	0.232463	0.266997	0.267987	0.232553
NA06994	0.232578	0.266722	0.268253	0.232446
NA07000	0.232065	0.266815	0.268392	0.232728
NA07037	0.232281	0.266783	0.268289	0.232647
NA07048	0.232483	0.267139	0.267849	0.232529
NA07051	0.232013	0.267417	0.268738	0.231832
NA07056	0.232454	0.267216	0.268151	0.232180
NA07347	0.232377	0.266940	0.268311	0.232371
NA07357	0.232251	0.267054	0.268161	0.232535
NA10847	0.232602	0.266775	0.267994	0.232629
NA10851	0.232457	0.267472	0.268095	0.231976
NA11829	0.232123	0.266763	0.268416	0.232698
NA11830	0.232648	0.266895	0.267982	0.232475
NA11831	0.232410	0.267237	0.268274	0.232080
NA11832	0.232573	0.267202	0.268114	0.232111
NA11840	0.232862	0.267372	0.267653	0.232113
NA11843	0.232646	0.267070	0.268016	0.232268
NA11881	0.232106	0.267324	0.268366	0.232205
NA11892	0.232421	0.267314	0.268206	0.232059
NA11893	0.232609	0.267173	0.268278	0.231940
NA11894	0.232389	0.267323	0.267901	0.232387
NA11918	0.232359	0.267207	0.268406	0.232027
NA11919	0.232473	0.267058	0.268073	0.232395
NA11920	0.232680	0.266966	0.268025	0.232330
NA11930	0.232139	0.267117	0.268433	0.232311
NA11931	0.232527	0.267120	0.268530	0.231823
NA11932	0.232838	0.266989	0.267688	0.232484
NA11933	0.232551	0.267188	0.268235	0.232027
NA11992	0.232321	0.267243	0.268400	0.232035
NA11994	0.232605	0.267131	0.268142	0.232122
NA11995	0.232509	0.267109	0.267943	0.232439
NA12003	0.232296	0.267100	0.268395	0.232209
NA12004	0.232323	0.266990	0.268128	0.232560
NA12005	0.232610	0.267085	0.268069	0.232236
NA12006	0.232409	0.266522	0.268189	0.232880
NA12043	0.232038	0.266993	0.268170	0.232798
NA12044	0.232201	0.267011	0.267995	0.232793
NA12045	0.232230	0.267483	0.268404	0.231883
NA12046	0.232712	0.266975	0.268030	0.232284
NA12058	0.232431	0.267123	0.268110	0.232336
NA12144	0.232479	0.267025	0.267827	0.232669
NA12154	0.232225	0.267080	0.268467	0.232228
NA12155	0.232414	0.266987	0.267971	0.232628
NA12156	0.232179	0.266739	0.268257	0.232825
NA12234	0.232618	0.266979	0.268219	0.232184
NA12249	0.232148	0.267031	0.268391	0.232429
NA12272	0.232345	0.267587	0.268162	0.231907
NA12273	0.232044	0.266942	0.268415	0.232600
NA12275	0.232463	0.267095	0.267881	0.232560
NA12282	0.232538	0.267218	0.268129	0.232116
NA12283	0.232906	0.266949	0.267919	0.232226
NA12286	0.232362	0.267612	0.268055	0.231970
NA12287	0.232618	0.267326	0.268206	0.231851
NA12340	0.232884	0.266829	0.267647	0.232640
NA12341	0.232381	0.267392	0.268241	0.231985
NA12342	0.232250	0.266908	0.268545	0.232297
NA12347	0.232428	0.267179	0.268122	0.232271
NA12348	0.232555	0.266993	0.267957	0.232495
NA12383	0.232533	0.267307	0.268061	0.232099
NA12399	0.232350	0.266851	0.268424	0.232375
NA12400	0.232074	0.267009	0.268218	0.232698
NA12413	0.232207	0.267363	0.268066	0.232364
NA12414	0.232340	0.267124	0.268428	0.232108
NA12489	0.232401	0.267213	0.268329	0.232056
NA12546	0.232501	0.266933	0.267891	0.232675
NA12716	0.232457	0.267149	0.268132	0.232261
NA12717	0.232646	0.267043	0.268152	0.232159
NA12718	0.232267	0.267069	0.268336	0.232328
NA12748	0.232214	0.267439	0.268401	0.231945
NA12749	0.232193	0.267125	0.268262	0.232420
NA12750	0.232249	0.267512	0.268062	0.232178
NA12751	0.232048	0.267020	0.268638	0.232294
NA12760	0.231977	0.267046	0.268645	0.232332
NA12761	0.232419	0.267376	0.268159	0.232047
NA12762	0.232349	0.267094	0.268028	0.232529
NA12763	0.232421	0.267461	0.268200	0.231918
NA12775	0.232065	0.266995	0.268444	0.232496
NA12776	0.232320	0.267185	0.268075	0.232421
NA12777	0.232940	0.267026	0.267995	0.232038
NA12778	0.232845	0.266642	0.267852	0.232662
NA12812	0.232418	0.266725	0.268384	0.232472
NA12813	0.232051	0.266946	0.268375	0.232628
NA12814	0.231959	0.266988	0.268740	0.232312
NA12815	0.232096	0.267216	0.268657	0.232032
NA12827	0.232410	0.267076	0.268071	0.232443
NA12828	0.232540	0.267242	0.268023	0.232196
NA12829	0.232433	0.267068	0.268344	0.232155
NA12830	0.232284	0.267547	0.268020	0.232149
NA12842	0.231881	0.267018	0.268527	0.232573
NA12843	0.232734	0.267138	0.267980	0.232148
NA12872	0.232523	0.266902	0.268303	0.232272
NA12873	0.232482	0.267326	0.268124	0.232068
NA12874	0.232475	0.267011	0.268387	0.232127
NA12878	0.231928	0.267147	0.268653	0.232273
NA12889	0.232304	0.267382	0.268207	0.232107
NA12890	0.232277	0.266441	0.268762	0.232520
NA18486	0.227980	0.271620	0.272517	0.227883
NA18488	0.228190	0.270885	0.272244	0.228680
NA18489	0.227755	0.270996	0.272523	0.228727
NA18498	0.228246	0.271278	0.272105	0.228371
NA18499	0.228129	0.271235	0.272461	0.228175
NA18501	0.227608	0.271643	0.272497	0.228252
NA18502	0.228073	0.270604	0.272354	0.228970
NA18504	0.227986	0.271183	0.272494	0.228337
NA18505	0.228005	0.270788	0.272621	0.228587
NA18507	0.228027	0.271561	0.272433	0.227979
NA18508	0.227927	0.271040	0.272634	0.228400
NA18510	0.228297	0.270700	0.272276	0.228728
NA18511	0.228124	0.271051	0.272604	0.228221
NA18516	0.228083	0.271395	0.272278	0.228244
NA18517	0.228265	0.271439	0.272013	0.228283
NA18519	0.227866	0.271041	0.272641	0.228452
NA18520	0.227988	0.271083	0.272534	0.228395
NA18522	0.228038	0.271233	0.272528	0.228201
NA18523	0.227820	0.271446	0.272265	0.228469
NA18525	0.232128	0.267034	0.268327	0.232511
NA18526	0.232373	0.266931	0.268349	0.232347
NA18528	0.232327	0.266465	0.268276	0.232933
NA18530	0.232256	0.266425	0.268259	0.233059
NA18531	0.232409	0.266747	0.268520	0.232324
NA18532	0.232200	0.266602	0.268633	0.232564
NA18533	0.232603	0.266735	0.268308	0.232354
NA18534	0.232174	0.266470	0.268437	0.232920
NA18535	0.232419	0.266642	0.268381	0.232559
NA18536	0.232336	0.266909	0.268229	0.232525
NA18537	0.232541	0.266806	0.268220	0.232434
NA18538	0.232520	0.266668	0.268300	0.232512
NA18539	0.232763	0.266900	0.268106	0.232232
NA18541	0.232559	0.266960	0.268112	0.232368
NA18542	0.232346	0.266416	0.268163	0.233076
NA18543	0.232681	0.266375	0.267992	0.232952
NA18544	0.231973	0.266482	0.268742	0.232803
NA18545	0.232261	0.266806	0.268176	0.232757
NA18546	0.232577	0.266351	0.268040	0.233032
NA18547	0.232397	0.266657	0.268139	0.232807
NA18548	0.232543	0.266240	0.268485	0.232733
NA18549	0.232740	0.266660	0.268156	0.232444
NA18550	0.232383	0.266761	0.268386	0.232469
NA18552	0.232474	0.266531	0.268206	0.232789
NA18553	0.232515	0.266314	0.268201	0.232970
NA18555	0.232269	0.266865	0.268324	0.232542
NA18557	0.232451	0.266199	0.268112	0.233238
NA18558	0.232549	0.266739	0.268143	0.232569
NA18559	0.232246	0.266428	0.268569	0.232758
NA18560	0.232760	0.266458	0.268159	0.232624
NA18561	0.232718	0.266541	0.267976	0.232765
NA18562	0.232385	0.266514	0.268347	0.232755
NA18563	0.232397	0.266315	0.268548	0.232740
NA18564	0.232428	0.266547	0.268399	0.232627
NA18565	0.232683	0.266096	0.268034	0.233186
NA18566	0.232731	0.266510	0.268268	0.232491
NA18567	0.232378	0.266297	0.268282	0.233043
NA18570	0.232888	0.266617	0.267735	0.232761
NA18571	0.232714	0.266808	0.268181	0.232297
NA18572	0.232106	0.266656	0.268456	0.232782
NA18573	0.232431	0.266739	0.268162	0.232668
NA18574	0.232512	0.266627	0.268086	0.232775
NA18577	0.232374	0.266464	0.268474	0.232687
NA18579	0.232574	0.266637	0.268232	0.232556
NA18582	0.232392	0.266401	0.268455	0.232752
NA18591	0.232677	0.266497	0.267902	0.232924
NA18592	0.232605	0.266198	0.268050	0.233147
NA18593	0.232211	0.266759	0.268148	0.232882
NA18595	0.232410	0.266577	0.268417	0.232595
NA18596	0.232496	0.266651	0.268156	0.232696
NA18597	0.232726	0.266574	0.268031	0.232668
NA18599	0.232398	0.266928	0.268303	0.232371
NA18602	0.232609	0.266813	0.268185	0.232393
NA18603	0.232213	0.266520	0.268572	0.232695
NA18605	0.232187	0.266856	0.268342	0.232615
NA18606	0.232570	0.266555	0.268109	0.232767
NA18608	0.232204	0.266678	0.268446	0.232672
NA18609	0.232255	0.266812	0.268178	0.232755
NA18610	0.232567	0.266310	0.268113	0.233009
NA18611	0.232350	0.266647	0.268398	0.232605
NA18612	0.232680	0.266364	0.268162	0.232793
NA18613	0.232657	0.266576	0.267964	0.232803
NA18614	0.232654	0.266425	0.268120	0.232800
NA18615	0.232479	0.266860	0.268407	0.232254
NA18616	0.232314	0.266143	0.268485	0.233059
NA18617	0.232452	0.266516	0.268272	0.232760
NA18618	0.232027	0.266416	0.268782	0.232775
NA18619	0.232533	0.266741	0.268156	0.232570
NA18620	0.232545	0.266280	0.268497	0.232678
NA18621	0.232641	0.266905	0.267941	0.232513
NA18622	0.232859	0.266432	0.267813	0.232895
NA18623	0.232392	0.266731	0.268178	0.232698
NA18624	0.232813	0.266532	0.267994	0.232661
NA18625	0.232550	0.266649	0.268171	0.232630
NA18626	0.232280	0.266416	0.268600	0.232704
NA18627	0.232580	0.266654	0.268178	0.232588
NA18628	0.232692	0.266063	0.268301	0.232944
NA18629	0.232630	0.266629	0.268305	0.232437
NA18630	0.233029	0.266066	0.268092	0.232813
NA18631	0.232797	0.266547	0.268036	0.232620
NA18632	0.232813	0.266476	0.268134	0.232576
NA18633	0.232256	0.266389	0.268606	0.232749
NA18634	0.232666	0.266467	0.268113	0.232753
NA18635	0.232583	0.266702	0.268484	0.232231
NA18636	0.232328	0.266452	0.268484	0.232736
NA18637	0.232494	0.266759	0.268224	0.232523
NA18638	0.232484	0.266492	0.268098	0.232927
NA18639	0.232419	0.266242	0.268425	0.232913
NA18640	0.232609	0.266365	0.268406	0.232620
NA18641	0.231997	0.266382	0.268601	0.233020
NA18642	0.232187	0.266631	0.268350	0.232832
NA18643	0.232442	0.266817	0.268293	0.232448
NA18644	0.232518	0.266342	0.268268	0.232872
NA18645	0.232588	0.266431	0.268273	0.232708
NA18646	0.232644	0.266104	0.268300	0.232951
NA18647	0.232288	0.266664	0.268234	0.232814
NA18648	0.232674	0.267076	0.267930	0.232320
NA18740	0.232664	0.266631	0.268187	0.232518
NA18745	0.232059	0.266455	0.268616	0.232871
NA18747	0.232548	0.266692	0.267933	0.232827
NA18748	0.232386	0.266113	0.268256	0.233245
NA18749	0.232306	0.266797	0.268138	0.232760
NA18757	0.232621	0.266834	0.268164	0.232380
NA18853	0.228309	0.271099	0.272413	0.228179
NA18856	0.227888	0.271301	0.272780	0.228031
NA18858	0.227988	0.271373	0.272339	0.228300
NA18861	0.227788	0.271174	0.272855	0.228184
NA18864	0.227704	0.271101	0.272696	0.228499
NA18865	0.227985	0.271054	0.272613	0.228349
NA18867	0.227799	0.271365	0.272684	0.228152
NA18868	0.228328	0.270818	0.272340	0.228514
NA18870	0.227399	0.271187	0.272892	0.228522
NA18871	0.227545	0.271122	0.272708	0.228624
NA18873	0.228199	0.271017	0.272596	0.228188
NA18874	0.227975	0.271165	0.272476	0.228383
NA18876	0.228166	0.271005	0.272450	0.228379
NA18877	0.227856	0.271100	0.272408	0.228636
NA18878	0.228037	0.270757	0.272551	0.228655
NA18879	0.227690	0.271304	0.272428	0.228578
NA18881	0.227655	0.271266	0.272672	0.228407
NA18907	0.228071	0.270542	0.272613	0.228774
NA18908	0.228094	0.271109	0.272228	0.228569
NA18909	0.228047	0.270939	0.272313	0.228701
NA18910	0.227981	0.270742	0.272661	0.228616
NA18912	0.228346	0.271381	0.271825	0.228448
NA18915	0.227922	0.271007	0.272682	0.228389
NA18916	0.228269	0.270888	0.272281	0.228562
NA18917	0.227855	0.271066	0.272941	0.228138
NA18923	0.227708	0.271552	0.272552	0.228189
NA18924	0.228330	0.270637	0.272262	0.228770
NA18933	0.228190	0.271346	0.272096	0.228368
NA18934	0.228065	0.271110	0.272436	0.228389
NA18939	0.232101	0.266963	0.268312	0.232624
NA18940	0.232413	0.266372	0.268120	0.233094
NA18941	0.232487	0.266277	0.268280	0.232956
NA18942	0.232707	0.266547	0.268232	0.232514
NA18943	0.232635	0.266550	0.268044	0.232771
NA18944	0.232619	0.267043	0.267899	0.232439
NA18945	0.232429	0.266473	0.268628	0.232470
NA18946	0.231948	0.266528	0.268934	0.232590
NA18947	0.232695	0.266759	0.268407	0.232138
NA18948	0.232603	0.266547	0.268293	0.232556
NA18949	0.232585	0.266661	0.268614	0.232139
NA18950	0.232308	0.266840	0.268434	0.232418
NA18951	0.232658	0.266791	0.268087	0.232464
NA18952	0.232452	0.266467	0.268549	0.232533
NA18953	0.232453	0.266471	0.268294	0.232781
NA18954	0.231879	0.266571	0.268804	0.232746
NA18956	0.232377	0.266193	0.268928	0.232502
NA18957	0.232246	0.266896	0.268467	0.232391
NA18959	0.232491	0.266767	0.268262	0.232481
NA18960	0.232163	0.266598	0.268722	0.232517
NA18961	0.232657	0.266253	0.268200	0.232889
NA18962	0.232556	0.266627	0.268224	0.232594
NA18963	0.231910	0.266509	0.268572	0.233009
NA18964	0.232550	0.266791	0.267889	0.232770
NA18965	0.231990	0.266781	0.268633	0.232597
NA18966	0.232564	0.266416	0.267955	0.233065
NA18967	0.232799	0.266246	0.267839	0.233116
NA18968	0.232177	0.266508	0.268526	0.232788
NA18969	0.232742	0.266409	0.268211	0.232639
NA18970	0.232838	0.266091	0.267996	0.233076
NA18971	0.233037	0.266038	0.267949	0.232977
NA18972	0.232478	0.266437	0.268330	0.232755
NA18973	0.232702	0.266757	0.268081	0.232460
NA18974	0.232729	0.266494	0.268082	0.232695
NA18975	0.232404	0.266208	0.268431	0.232957
NA18976	0.232333	0.266426	0.268566	0.232675
NA18977	0.232581	0.266668	0.268027	0.232725
NA18978	0.232487	0.267039	0.268105	0.232369
NA18979	0.232396	0.266882	0.268268	0.232454
NA18980	0.232107	0.266987	0.268581	0.232326
NA18981	0.232389	0.266526	0.268587	0.232497
NA18982	0.232630	0.266591	0.268447	0.232332
NA18983	0.232853	0.266612	0.267818	0.232717
NA18984	0.232245	0.266924	0.268244	0.232587
NA18985	0.232289	0.266406	0.268484	0.232821
NA18986	0.232936	0.266487	0.267713	0.232864
NA18987	0.232338	0.266756	0.268556	0.232350
NA18988	0.232569	0.266445	0.268302	0.232684
NA18989	0.232375	0.266483	0.268314	0.232828
NA18990	0.232293	0.266400	0.268346	0.232961
NA18991	0.232597	0.266348	0.268179	0.232877
NA18992	0.232365	0.266746	0.268187	0.232701
NA18993	0.232271	0.266516	0.268547	0.232666
NA18994	0.232309	0.266704	0.268398	0.232590
NA18995	0.232478	0.266703	0.268134	0.232685
NA18997	0.232664	0.266482	0.267803	0.233052
NA18998	0.232538	0.266651	0.267909	0.232903
NA18999	0.232418	0.266352	0.268422	0.232808
NA19000	0.232371	0.266466	0.268387	0.232776
NA19001	0.232174	0.266513	0.268266	0.233047
NA19002	0.232446	0.266062	0.268327	0.233165
NA19003	0.232959	0.266521	0.267733	0.232787
NA19004	0.232430	0.266271	0.268328	0.232971
NA19005	0.232432	0.267028	0.268108	0.232432
NA19006	0.232834	0.266321	0.268272	0.232573
NA19007	0.232607	0.266765	0.268449	0.232179
NA19009	0.232716	0.266417	0.267953	0.232913
NA19010	0.232324	0.266796	0.268073	0.232808
NA19011	0.232625	0.267002	0.268244	0.232130
NA19012	0.232357	0.266140	0.268410	0.233093
NA19017	0.228190	0.270708	0.272388	0.228714
NA19019	0.228013	0.270703	0.272723	0.228561
NA19020	0.227921	0.271353	0.272467	0.228258
NA19023	0.228115	0.270736	0.272386	0.228763
NA19024	0.228020	0.271064	0.272458	0.228458
NA19025	0.227696	0.270998	0.272835	0.228471
NA19026	0.228149	0.271057	0.271846	0.228948
NA19027	0.228359	0.271048	0.272302	0.228291
NA19028	0.227737	0.270998	0.272984	0.228281
NA19030	0.228084	0.270913	0.272129	0.228874
NA19031	0.228082	0.270798	0.272737	0.228383
NA19035	0.228517	0.271029	0.271873	0.228582
NA19036	0.227797	0.271338	0.272577	0.228288
NA19037	0.227901	0.271050	0.272362	0.228688
NA19038	0.227551	0.270817	0.272525	0.229108
NA19041	0.228040	0.271260	0.272225	0.228475
NA19042	0.228307	0.270886	0.272366	0.228441
NA19043	0.227986	0.270901	0.272334	0.228778
NA19054	0.232270	0.266514	0.268187	0.233029
NA19055	0.232622	0.266877	0.268229	0.232273
NA19056	0.232563	0.266199	0.268435	0.232802
NA19057	0.232704	0.266567	0.268162	0.232567
NA19058	0.231989	0.266932	0.268377	0.232702
NA19059	0.232693	0.266624	0.268035	0.232648
NA19060	0.232537	0.266139	0.268429	0.232895
NA19062	0.232587	0.266531	0.267914	0.232969
NA19063	0.232312	0.266400	0.268668	0.232621
NA19064	0.232489	0.266473	0.268466	0.232572
NA19065	0.232332	0.266285	0.268529	0.232855
NA19066	0.232531	0.266730	0.268280	0.232459
NA19067	0.232399	0.266603	0.268372	0.232626
NA19068	0.232504	0.266846	0.268469	0.232181
NA19070	0.232061	0.266798	0.268604	0.232538
NA19072	0.232585	0.266502	0.268204	0.232709
NA19074	0.232590	0.266650	0.268268	0.232492
NA19075	0.232778	0.266416	0.268229	0.232577
NA19076	0.232540	0.266181	0.268366	0.232913
NA19077	0.232212	0.266366	0.268467	0.232954
NA19078	0.231911	0.267021	0.268800	0.232268
NA19079	0.232703	0.266302	0.268045	0.232950
NA19080	0.232200	0.266883	0.268578	0.232339
NA19081	0.232728	0.266383	0.268113	0.232776
NA19082	0.232490	0.266433	0.268061	0.233016
NA19083	0.232359	0.266473	0.268667	0.232500
NA19084	0.232513	0.266315	0.268100	0.233072
NA19085	0.232333	0.266600	0.268316	0.232752
NA19086	0.232406	0.266283	0.268455	0.232856
NA19087	0.232375	0.266725	0.268490	0.232410
NA19088	0.232686	0.266506	0.268265	0.232542
NA19089	0.232301	0.266657	0.268456	0.232586
NA19090	0.232461	0.266412	0.268574	0.232553
NA19091	0.232315	0.266547	0.268194	0.232944
NA19092	0.227962	0.270711	0.272742	0.228585
NA19093	0.227998	0.270651	0.272503	0.228847
NA19095	0.228017	0.270839	0.272807	0.228337
NA19096	0.227992	0.270970	0.272798	0.228240
NA19098	0.228359	0.271154	0.271879	0.228608
NA19099	0.227819	0.270889	0.272735	0.228556
NA19102	0.227976	0.271462	0.272461	0.228101
NA19107	0.227877	0.271246	0.272457	0.228421
NA19108	0.228080	0.270840	0.272381	0.228699
NA19113	0.228210	0.271110	0.272141	0.228538
NA19114	0.228285	0.270686	0.272408	0.228621
NA19116	0.227885	0.271210	0.272571	0.228334
NA19117	0.227956	0.271028	0.272600	0.228416
NA19118	0.228055	0.271041	0.272326	0.228579
NA19119	0.227886	0.270880	0.272497	0.228737
NA19121	0.228186	0.271415	0.272229	0.228171
NA19129	0.228299	0.270790	0.272458	0.228454
NA19130	0.228356	0.270684	0.272112	0.228848
NA19131	0.228076	0.271074	0.272507	0.228343
NA19137	0.227693	0.270821	0.272748	0.228738
NA19138	0.227928	0.271398	0.272579	0.228094
NA19141	0.228081	0.271553	0.272173	0.228193
NA19143	0.228249	0.271085	0.272362	0.228305
NA19144	0.227365	0.271112	0.273051	0.228472
NA19146	0.227967	0.271548	0.272452	0.228033
NA19147	0.227905	0.271153	0.272529	0.228413
NA19149	0.228153	0.270828	0.272148	0.228871
NA19152	0.227640	0.270969	0.272935	0.228456
NA19153	0.227946	0.271088	0.272339	0.228626
NA19159	0.227580	0.271534	0.272851	0.228034
NA19160	0.227700	0.270934	0.272616	0.228751
NA19171	0.228017	0.270914	0.272300	0.228769
NA19172	0.227584	0.271009	0.272763	0.228644
NA19175	0.227788	0.271435	0.272821	0.227956
NA19184	0.228502	0.271375	0.271811	0.228311
NA19185	0.227978	0.271053	0.272530	0.228440
NA19189	0.227861	0.271286	0.272432	0.228421
NA19190	0.228229	0.271032	0.272362	0.228377
NA19197	0.228201	0.270599	0.272260	0.228939
NA19198	0.227722	0.270883	0.272747	0.228648
NA19200	0.228439	0.271323	0.272147	0.228090
NA19201	0.228042	0.270820	0.272433	0.228705
NA19204	0.227697	0.271050	0.272714	0.228539
NA19206	0.227961	0.271293	0.272637	0.228109
NA19207	0.227949	0.270665	0.272473	0.228913
NA19209	0.227732	0.271370	0.272513	0.228385
NA19210	0.228077	0.271189	0.272286	0.228449
NA19213	0.228157	0.271302	0.272306	0.228236
NA19214	0.227983	0.270815	0.272769	0.228433
NA19222	0.228145	0.271286	0.272406	0.228163
NA19223	0.227609	0.271106	0.272753	0.228532
NA19225	0.228108	0.270827	0.272431	0.228635
NA19235	0.227727	0.271573	0.272397	0.228303
NA19236	0.227926	0.270886	0.272719	0.228469
NA19238	0.227655	0.271357	0.272779	0.228209
NA19239	0.227947	0.270928	0.272740	0.228386
NA19247	0.227810	0.270874	0.272510	0.228806
NA19248	0.228157	0.271233	0.272219	0.228392
NA19256	0.228958	0.270764	0.271470	0.228808
NA19257	0.228029	0.270911	0.272456	0.228603
NA19307	0.228223	0.271128	0.272065	0.228584
NA19308	0.228183	0.271053	0.272141	0.228624
NA19309	0.227842	0.271347	0.272375	0.228437
NA19310	0.227990	0.271166	0.272327	0.228517
NA19312	0.228351	0.271218	0.271884	0.228547
NA19314	0.228409	0.270501	0.272017	0.229073
NA19315	0.227923	0.271311	0.272215	0.228552
NA19316	0.227964	0.270996	0.272464	0.228576
NA19317	0.228062	0.270898	0.272427	0.228614
NA19318	0.227702	0.271028	0.272636	0.228635
NA19319	0.228074	0.270864	0.272661	0.228401
NA19320	0.227573	0.271528	0.272651	0.228248
NA19321	0.227729	0.271153	0.272733	0.228386
NA19323	0.228040	0.271177	0.272334	0.228449
NA19324	0.227740	0.270912	0.273119	0.228229
NA19327	0.228460	0.271347	0.272203	0.227990
NA19328	0.227940	0.271222	0.272171	0.228667
NA19331	0.227843	0.271126	0.272264	0.228767
NA19332	0.227818	0.270825	0.272832	0.228525
NA19334	0.227894	0.270911	0.272455	0.228740
NA19338	0.228407	0.271128	0.272218	0.228247
NA19346	0.228303	0.271282	0.272363	0.228053
NA19347	0.228131	0.271021	0.272071	0.228777
NA19350	0.228326	0.270831	0.272166	0.228677
NA19351	0.227943	0.271549	0.272628	0.227881
NA19355	0.228066	0.270506	0.272554	0.228874
NA19360	0.228391	0.270613	0.272478	0.228518
NA19372	0.228121	0.271032	0.272458	0.228389
NA19374	0.227613	0.270901	0.272651	0.228835
NA19375	0.228598	0.270666	0.272172	0.228564
NA19376	0.227854	0.271091	0.272527	0.228528
NA19377	0.228061	0.270561	0.272827	0.228552
NA19378	0.228039	0.271134	0.272132	0.228695
NA19379	0.228160	0.271074	0.272322	0.228443
NA19380	0.227960	0.270650	0.272528	0.228862
NA19383	0.228008	0.271023	0.272454	0.228515
NA19384	0.227699	0.271195	0.272830	0.228276
NA19385	0.228217	0.271038	0.272021	0.228725
NA19390	0.228578	0.271426	0.271668	0.228329
NA19391	0.228231	0.270666	0.272586	0.228517
NA19393	0.228338	0.271086	0.272096	0.228479
NA19394	0.228104	0.270945	0.272629	0.228322
NA19395	0.228121	0.271172	0.272053	0.228653
NA19397	0.228413	0.271121	0.272325	0.228141
NA19399	0.227610	0.271243	0.272928	0.228218
NA19401	0.228358	0.270827	0.272224	0.228591
NA19403	0.228175	0.270730	0.272247	0.228848
NA19404	0.228198	0.270677	0.272342	0.228784
NA19428	0.227869	0.270968	0.272524	0.228640
NA19429	0.227526	0.271235	0.272449	0.228790
NA19430	0.227616	0.271003	0.272929	0.228452
NA19431	0.228319	0.270778	0.272192	0.228711
NA19434	0.227992	0.270430	0.272389	0.229189
NA19435	0.227916	0.270854	0.272556	0.228674
NA19436	0.228282	0.271038	0.272053	0.228627
NA19437	0.228210	0.270691	0.272601	0.228497
NA19438	0.227991	0.270939	0.272784	0.228286
NA19439	0.228496	0.270842	0.272152	0.228510
NA19440	0.228382	0.270566	0.272316	0.228736
NA19443	0.228227	0.270858	0.272315	0.228600
NA19445	0.228219	0.271336	0.272294	0.228151
NA19446	0.228225	0.270949	0.271988	0.228838
NA19448	0.228606	0.271284	0.271992	0.228118
NA19449	0.228462	0.270527	0.272072	0.228939
NA19451	0.228266	0.270522	0.272462	0.228750
NA19452	0.228077	0.270518	0.272564	0.228840
NA19454	0.228315	0.270768	0.272205	0.228712
NA19455	0.227990	0.270963	0.272170	0.228878
NA19456	0.227976	0.271055	0.272819	0.228150
NA19457	0.227933	0.271082	0.272206	0.228780
NA19461	0.227919	0.270883	0.272584	0.228613
NA19462	0.227509	0.270975	0.272961	0.228555
NA19463	0.228162	0.270943	0.272368	0.228528
NA19466	0.228547	0.270336	0.272105	0.229012
NA19467	0.227869	0.271301	0.272499	0.228332
NA19468	0.228442	0.270788	0.272179	0.228592
NA19471	0.227935	0.271186	0.272554	0.228324
NA19472	0.227658	0.271088	0.272674	0.228581
NA19473	0.228173	0.271279	0.272292	0.228256
NA19474	0.228101	0.270758	0.272631	0.228510
NA19475	0.228490	0.270604	0.272119	0.228787
NA19648	0.232202	0.267129	0.268052	0.232618
NA19649	0.232252	0.266826	0.268275	0.232647
NA19651	0.231805	0.267029	0.268756	0.232410
NA19652	0.232300	0.267143	0.268167	0.232390
NA19654	0.232633	0.267021	0.268105	0.232241
NA19655	0.232287	0.267198	0.268369	0.232145
NA19657	0.232246	0.267389	0.268188	0.232177
NA19658	0.232145	0.266925	0.268434	0.232496
NA19661	0.232109	0.267180	0.268382	0.232330
NA19663	0.232349	0.266984	0.268187	0.232480
NA19664	0.232345	0.266695	0.268539	0.232422
NA19669	0.232209	0.266691	0.268533	0.232567
NA19670	0.232024	0.267132	0.268645	0.232199
NA19676	0.232128	0.267185	0.268228	0.232459
NA19678	0.232563	0.267269	0.267949	0.232219
NA19679	0.232186	0.267562	0.268360	0.231892
NA19681	0.232267	0.266971	0.268535	0.232227
NA19682	0.231979	0.266639	0.268635	0.232746
NA19684	0.232170	0.267123	0.268482	0.232225
NA19716	0.232114	0.267011	0.268750	0.232125
NA19717	0.231961	0.267023	0.268643	0.232373
NA19719	0.232082	0.267278	0.268404	0.232236
NA19720	0.232240	0.267079	0.268284	0.232398
NA19722	0.232413	0.266996	0.268418	0.232173
NA19723	0.232196	0.267002	0.268412	0.232390
NA19725	0.232754	0.267004	0.267788	0.232454
NA19726	0.233106	0.266381	0.267614	0.232898
NA19728	0.232954	0.266694	0.267611	0.232740
NA19729	0.232146	0.266795	0.268381	0.232677
NA19731	0.232162	0.266668	0.268580	0.232590
NA19732	0.232422	0.266719	0.268225	0.232635
NA19734	0.232311	0.266919	0.268327	0.232443
NA19735	0.232106	0.266603	0.268737	0.232555
NA19740	0.232181	0.266722	0.268287	0.232811
NA19741	0.232573	0.266446	0.268108	0.232872
NA19746	0.232584	0.266979	0.268089	0.232348
NA19747	0.231593	0.267102	0.268910	0.232395
NA19749	0.232109	0.267153	0.268266	0.232472
NA19750	0.231888	0.267504	0.268794	0.231813
NA19752	0.232435	0.267055	0.268385	0.232125
NA19755	0.231938	0.267037	0.268752	0.232273
NA19756	0.231660	0.267180	0.269004	0.232157
NA19758	0.232380	0.266288	0.268291	0.233041
NA19759	0.232455	0.266812	0.268158	0.232574
NA19761	0.231850	0.266634	0.268477	0.233039
NA19762	0.231998	0.267421	0.268556	0.232024
NA19764	0.232027	0.267275	0.268365	0.232333
NA19770	0.232222	0.267043	0.268426	0.232309
NA19771	0.232381	0.266794	0.268077	0.232748
NA19773	0.232530	0.267108	0.268116	0.232246
NA19774	0.232180	0.267138	0.268378	0.232305
NA19776	0.232183	0.267081	0.268780	0.231956
NA19777	0.231921	0.267091	0.268977	0.232012
NA19779	0.232009	0.266631	0.268558	0.232802
NA19780	0.232372	0.267269	0.268180	0.232178
NA19782	0.232118	0.267153	0.268591	0.232138
NA19783	0.232471	0.266471	0.268055	0.233003
NA19785	0.232781	0.267052	0.267590	0.232576
NA19786	0.232714	0.266999	0.267777	0.232509
NA19788	0.232500	0.266896	0.268097	0.232507
NA19789	0.232033	0.266757	0.268498	0.232712
NA19792	0.232505	0.266703	0.268119	0.232672
NA19794	0.232251	0.267506	0.268322	0.231921
NA19795	0.231968	0.267096	0.268557	0.232379
NA20502	0.232307	0.267288	0.268289	0.232116
NA20503	0.232324	0.266893	0.268018	0.232765
NA20504	0.232357	0.267250	0.267875	0.232517
NA20505	0.232413	0.267265	0.268301	0.232021
NA20506	0.232831	0.267280	0.267635	0.232254
NA20507	0.232258	0.266911	0.268104	0.232728
NA20508	0.232499	0.267226	0.268191	0.232084
NA20509	0.232298	0.267495	0.268125	0.232082
NA20510	0.232044	0.267379	0.268540	0.232037
NA20511	0.232492	0.267164	0.268182	0.232163
NA20512	0.231923	0.267462	0.268660	0.231955
NA20513	0.232716	0.267355	0.267750	0.232179
NA20514	0.232387	0.267100	0.268439	0.232074
NA20515	0.232194	0.267404	0.268499	0.231903
NA20516	0.232067	0.266942	0.268479	0.232512
NA20517	0.232262	0.267040	0.268624	0.232074
NA20518	0.232118	0.267409	0.268252	0.232222
NA20519	0.232518	0.267548	0.267973	0.231961
NA20520	0.232413	0.267523	0.267887	0.232178
NA20521	0.232556	0.266719	0.268302	0.232423
NA20522	0.232362	0.267391	0.268086	0.232161
NA20524	0.232236	0.267472	0.268226	0.232065
NA20525	0.231839	0.267201	0.268575	0.232386
NA20527	0.232079	0.267302	0.268470	0.232149
NA20528	0.232640	0.267183	0.267948	0.232229
NA20529	0.232598	0.267278	0.268002	0.232122
NA20530	0.232124	0.267531	0.268394	0.231952
NA20531	0.232213	0.267112	0.268247	0.232429
NA20532	0.232376	0.267241	0.268070	0.232313
NA20533	0.232461	0.267125	0.268280	0.232134
NA20534	0.232045	0.267158	0.268603	0.232194
NA20535	0.232136	0.267024	0.268307	0.232533
NA20536	0.232249	0.267195	0.268111	0.232445
NA20538	0.232498	0.267409	0.267884	0.232208
NA20539	0.232217	0.267728	0.267996	0.232059
NA20540	0.232365	0.267225	0.268182	0.232229
NA20541	0.232267	0.267155	0.268140	0.232438
NA20542	0.232148	0.267133	0.268303	0.232416
NA20543	0.232428	0.267360	0.267939	0.232273
NA20544	0.232802	0.266846	0.268018	0.232335
NA20581	0.232572	0.266926	0.268384	0.232119
NA20582	0.232272	0.267285	0.267938	0.232505
NA20585	0.232517	0.267326	0.268036	0.232121
NA20586	0.232404	0.267148	0.267968	0.232481
NA20587	0.232557	0.267038	0.268028	0.232377
NA20588	0.232326	0.267233	0.268268	0.232173
NA20589	0.232505	0.266955	0.268223	0.232317
NA20752	0.232104	0.267079	0.268435	0.232382
NA20753	0.232227	0.267222	0.268304	0.232247
NA20754	0.232375	0.267213	0.268060	0.232352
NA20755	0.232263	0.267337	0.268292	0.232107
NA20756	0.232109	0.267109	0.268546	0.232237
NA20757	0.232323	0.267171	0.268413	0.232093
NA20758	0.232398	0.267481	0.267985	0.232136
NA20759	0.232223	0.267225	0.268440	0.232112
NA20760	0.232205	0.267164	0.268272	0.232359
NA20761	0.232197	0.267404	0.268529	0.231869
NA20762	0.232344	0.267351	0.268393	0.231912
NA20763	0.232157	0.267400	0.268174	0.232270
NA20764	0.231847	0.267528	0.268456	0.232169
NA20765	0.231808	0.267683	0.268485	0.232024
NA20766	0.232205	0.267252	0.268591	0.231952
NA20767	0.232260	0.267502	0.268527	0.231711
NA20768	0.232631	0.266873	0.268012	0.232484
NA20769	0.232416	0.267043	0.268419	0.232122
NA20770	0.232279	0.267219	0.268459	0.232043
NA20771	0.232255	0.267514	0.268051	0.232181
NA20772	0.232809	0.266948	0.267908	0.232336
NA20773	0.232193	0.267043	0.268351	0.232413
NA20774	0.232280	0.267725	0.268007	0.231988
NA20775	0.232120	0.267022	0.268454	0.232404
NA20778	0.232045	0.267254	0.268224	0.232477
NA20783	0.232272	0.266957	0.268567	0.232205
NA20785	0.232291	0.266883	0.268140	0.232685
NA20786	0.232137	0.267066	0.268611	0.232186
NA20787	0.232407	0.267046	0.268060	0.232487
NA20790	0.232250	0.267285	0.268069	0.232395
NA20792	0.231974	0.266988	0.268630	0.232408
NA20795	0.232452	0.267785	0.268167	0.231596
NA20796	0.231923	0.267661	0.268587	0.231829
NA20797	0.232593	0.267079	0.267791	0.232537
NA20798	0.232688	0.267323	0.267879	0.232110
NA20799	0.232012	0.267073	0.268601	0.232314
NA20800	0.232564	0.267002	0.268179	0.232255
NA20801	0.232488	0.267472	0.268256	0.231784
NA20802	0.232398	0.267421	0.268176	0.232004
NA20803	0.232050	0.267403	0.268381	0.232167
NA20804	0.232334	0.267711	0.268218	0.231737
NA20805	0.232300	0.267673	0.268183	0.231844
NA20806	0.232294	0.267342	0.268168	0.232196
NA20807	0.232321	0.266998	0.268113	0.232567
NA20808	0.232249	0.267536	0.268232	0.231983
NA20809	0.232226	0.266874	0.268188	0.232712
NA20810	0.232069	0.267406	0.268342	0.232182
NA20811	0.231948	0.267115	0.268832	0.232104
NA20812	0.232529	0.267044	0.268180	0.232247
NA20813	0.232236	0.266988	0.268406	0.232370
NA20814	0.232416	0.267154	0.268034	0.232396
NA20815	0.232708	0.267234	0.268101	0.231957
NA20818	0.232184	0.267287	0.268341	0.232188
NA20819	0.232566	0.266957	0.268541	0.231937
NA20821	0.232333	0.266922	0.268236	0.232509
NA20822	0.232594	0.267132	0.268091	0.232182
NA20826	0.232549	0.266574	0.268387	0.232491
NA20827	0.232683	0.267300	0.268008	0.232009
NA20828	0.232235	0.267632	0.268095	0.232038
NA20832	0.232756	0.266958	0.267893	0.232392
NA20845	0.231934	0.267337	0.268424	0.232306
NA20846	0.232113	0.267176	0.268328	0.232383
NA20847	0.232131	0.267079	0.268434	0.232356
NA20849	0.232164	0.267058	0.268387	0.232390
NA20850	0.231859	0.266875	0.268582	0.232684
NA20851	0.232389	0.267064	0.268208	0.232339
NA20852	0.232147	0.268033	0.268297	0.231523
NA20853	0.232519	0.267222	0.267976	0.232282
NA20854	0.232086	0.267254	0.268419	0.232241
NA20856	0.231979	0.266878	0.268458	0.232684
NA20858	0.231538	0.267186	0.269012	0.232264
NA20859	0.231637	0.267743	0.268605	0.232015
NA20861	0.232389	0.267127	0.268199	0.232285
NA20862	0.232187	0.267347	0.268229	0.232238
NA20863	0.232232	0.267068	0.268351	0.232350
NA20864	0.232330	0.267140	0.268396	0.232134
NA20866	0.232003	0.267339	0.268567	0.232091
NA20867	0.232072	0.266954	0.268612	0.232362
NA20868	0.232444	0.267048	0.268249	0.232259
NA20869	0.231978	0.267760	0.268531	0.231731
NA20870	0.232294	0.267112	0.268247	0.232348
NA20872	0.232206	0.266824	0.268516	0.232454
NA20874	0.232074	0.267553	0.268306	0.232068
NA20875	0.231936	0.267148	0.268532	0.232384
NA20876	0.232030	0.267192	0.268294	0.232484
NA20877	0.232512	0.266964	0.267975	0.232549
NA20878	0.232134	0.266802	0.268398	0.232665
NA20881	0.231827	0.267334	0.268812	0.232027
NA20882	0.232095	0.267389	0.268505	0.232011
NA20884	0.232255	0.267184	0.268274	0.232287
NA20885	0.232203	0.267469	0.268361	0.231967
NA20886	0.232263	0.267308	0.268434	0.231995
NA20887	0.232304	0.266784	0.268491	0.232421
NA20888	0.232033	0.267108	0.268521	0.232338
NA20889	0.231896	0.267225	0.268233	0.232645
NA20890	0.232372	0.267183	0.267999	0.232446
NA20891	0.232404	0.266910	0.268312	0.232374
NA20892	0.232458	0.267072	0.268619	0.231851
NA20894	0.232339	0.267421	0.268474	0.231765
NA20895	0.232384	0.267144	0.268061	0.232410
NA20896	0.232229	0.267113	0.268455	0.232203
NA20897	0.232059	0.267394	0.268562	0.231985
NA20899	0.232176	0.267282	0.268641	0.231901
NA20900	0.232646	0.266933	0.268187	0.232234
NA20901	0.232033	0.267179	0.268277	0.232511
NA20902	0.232189	0.267379	0.268737	0.231695
NA20903	0.232251	0.267355	0.268263	0.232131
NA20904	0.232630	0.266823	0.267996	0.232550
NA20905	0.232196	0.267477	0.268078	0.232248
NA20906	0.232216	0.266909	0.268499	0.232377
NA20908	0.231879	0.267377	0.268483	0.232261
NA20910	0.232044	0.267159	0.268304	0.232492
NA20911	0.231840	0.267032	0.268416	0.232712
NA21086	0.231963	0.267402	0.268627	0.232008
NA21087	0.232528	0.267091	0.267971	0.232410
NA21088	0.232136	0.267406	0.268465	0.231992
NA21089	0.232269	0.267455	0.268298	0.231978
NA21090	0.232105	0.267088	0.268577	0.232229
NA21091	0.231789	0.267323	0.268676	0.232212
NA21092	0.232131	0.267298	0.268086	0.232485
NA21093	0.232139	0.267426	0.268223	0.232212
NA21094	0.232446	0.267180	0.268223	0.232151
NA21095	0.232042	0.267373	0.268045	0.232540
NA21097	0.231958	0.267431	0.268155	0.232457
NA21098	0.232251	0.267186	0.268262	0.232300
NA21099	0.231971	0.267529	0.268629	0.231871
NA21100	0.231586	0.267253	0.268945	0.232216
NA21101	0.232666	0.267263	0.267729	0.232342
NA21102	0.231905	0.267459	0.268514	0.232122
NA21103	0.232055	0.267274	0.268397	0.232274
NA21104	0.232122	0.267149	0.268521	0.232208
NA21105	0.232422	0.267073	0.268264	0.232241
NA21106	0.232092	0.267459	0.268344	0.232105
NA21107	0.232022	0.267272	0.268357	0.232349
NA21108	0.232068	0.267371	0.268241	0.232320
NA21109	0.232393	0.267253	0.268274	0.232080
NA21110	0.232838	0.267332	0.267966	0.231864
NA21111	0.232327	0.267474	0.267926	0.232273
NA21112	0.232189	0.267548	0.268522	0.231741
NA21113	0.231971	0.266996	0.268815	0.232218
NA21114	0.232356	0.267079	0.268351	0.232214
NA21115	0.232431	0.267280	0.268271	0.232018
NA21116	0.232248	0.266948	0.268181	0.232623
NA21117	0.232151	0.267216	0.268143	0.232490
NA21118	0.231827	0.266913	0.268570	0.232689
NA21119	0.232154	0.267409	0.268340	0.232098
NA21120	0.232347	0.267141	0.267849	0.232663
NA21122	0.232485	0.266866	0.268083	0.232565
NA21123	0.232090	0.267319	0.268407	0.232184
NA21124	0.231568	0.266901	0.269133	0.232399
NA21125	0.232587	0.267309	0.268048	0.232056
NA21126	0.232447	0.267148	0.267984	0.232421
NA21127	0.232279	0.267069	0.268559	0.232093
NA21128	0.231923	0.267490	0.268355	0.232232
NA21129	0.231842	0.267543	0.268762	0.231854
NA21130	0.232237	0.266748	0.268452	0.232563
NA21133	0.232161	0.267256	0.268364	0.232219
NA21135	0.232300	0.267094	0.268202	0.232404
NA21137	0.232173	0.267124	0.268241	0.232461
NA21141	0.232264	0.267504	0.268137	0.232095
NA21142	0.231813	0.267248	0.268352	0.232586
NA21143	0.232406	0.267367	0.267811	0.232416
NA21144	0.232424	0.267295	0.268345	0.231936
