	A	G	T	C
BomM304	440830.0	407875.0	444435.5	407809.5
BomM289	441110.0	407769.0	444469.0	407602.0
BomM288	441103.0	407823.5	444124.5	407899.0
BomM301	440975.0	407789.0	444335.0	407851.0
BomM300	440726.0	408023.0	444410.0	407791.0
BomM322	441291.5	407680.5	444485.0	407493.0
BomM321	440996.0	407727.0	444587.5	407639.5
BomM318	441179.5	407709.5	444478.0	407583.0
BomM317	441299.0	407473.5	444617.0	407560.5
BomM634	440126.0	408154.5	444170.0	408499.5
BomM253	441303.5	407394.5	444541.5	407710.5
BomM259	441137.5	407605.5	444349.5	407857.5
BomM258	440995.5	407717.0	444334.0	407903.5
BomP133	439874.5	408709.0	444071.0	408295.5
BomP132	439846.5	408745.0	444031.0	408327.5
BomP14	440242.0	408173.5	444032.0	408502.5
BomP17	441049.5	407687.5	444090.0	408123.0
BomM255	441199.0	407696.5	444245.0	407809.5
BomM254	441195.5	407726.5	444254.5	407773.5
BomM635	440806.0	407803.0	444406.0	407935.0
BomM636	439915.5	408605.0	443644.0	408785.5
BomM252	441337.0	407468.0	444493.5	407651.5
BomP65	441073.0	407624.0	444191.5	408061.5
BomP19	440711.0	407857.0	444315.0	408067.0
BomP94	440956.0	407455.5	444384.5	408154.0
BomP162	440920.5	408152.5	444130.5	407746.5
BomP45	441395.5	407375.5	444355.0	407824.0
BomP160	440954.5	408063.5	444082.5	407849.5
BomP159	440888.0	408026.0	444093.5	407942.5
BomM639	439932.0	408539.0	443695.5	408783.5
BomP98	440483.5	407905.5	444046.5	408514.5
BomP38	440950.5	407502.0	444237.5	408260.0
BomL194	441113.0	407669.5	444267.5	407900.0
BomP32	440862.5	408096.5	443915.5	408075.5
BomP95	440255.5	408297.0	444020.0	408377.5
BomP106	440804.0	408023.0	443741.5	408381.5
BomP165	440680.0	408325.5	444121.5	407823.0
BomP164	440717.5	408217.5	444078.5	407936.5
BomP174	440942.0	407817.0	444421.0	407770.0
BomP28	441129.0	407841.0	444166.5	407813.5
BomP24	441450.5	407552.0	444020.5	407927.0
BomP23	441400.0	407595.5	444108.5	407846.0
BomP61	441261.5	407234.0	444395.0	408059.5
BomM582	440004.0	409023.5	442899.0	409023.5
BomL193	441268.5	407954.0	443960.0	407767.5
BomP43	441376.5	407387.5	444492.0	407694.0
BomP42	441392.5	407397.0	444522.0	407638.5
BomP79	441031.0	407503.0	444281.5	408134.5
BomL214	440759.5	407802.0	444142.0	408246.5
BomP71	441290.0	407390.0	444269.5	408000.5
BomM589	440915.5	407541.0	444487.0	408006.5
BomL38	439399.5	409444.5	442827.5	409278.5
BomL114	439860.0	408748.0	443844.5	408497.5
BomP100	440930.5	407925.0	444151.5	407943.0
BomM581	440093.5	408770.0	443378.0	408708.5
BomM393	439845.0	408483.5	443466.5	409155.0
BomM485	440847.5	407620.5	444802.5	407679.5
BomM484	440682.5	407705.5	444796.5	407765.5
BomM525	440109.0	408645.0	443803.5	408392.5
BomL197	440755.5	407977.5	444148.0	408069.0
BomM606	440668.0	407920.5	443266.5	409095.0
BomM605	440625.5	407925.0	443345.5	409054.0
BomL170	440497.0	408111.5	443614.5	408727.0
BomM387	440119.5	408620.5	443664.0	408546.0
BomL41	439811.0	409054.0	442976.0	409109.0
BomL37	439142.0	409544.5	442800.0	409463.5
BomM10	439592.0	409359.0	442723.0	409276.0
BomM440	440128.0	408623.5	443886.5	408312.0
BomM442	440099.5	408858.5	443879.0	408113.0
BomL122	439502.5	408912.0	443435.5	409100.0
BomM380	440345.5	408477.0	443349.0	408778.5
BomM67	440594.5	407973.0	444112.5	408270.0
BomM441	439992.0	409088.5	443685.0	408184.5
BomM7	439489.5	409352.0	442906.0	409202.5
BomL40	439518.5	409011.5	443143.5	409276.5
BomM98	439363.5	409413.0	443009.5	409164.0
BomL67	440247.0	408785.5	442391.0	409526.5
BomL32	440067.0	409128.0	442342.5	409412.5
BomL31	439707.0	409341.5	442341.0	409560.5
BomM90	439882.0	408736.5	443263.5	409068.0
BomM89	439491.0	409290.0	443134.5	409034.5
BomM63	439673.0	408843.0	443792.5	408641.5
BomM544	440128.5	408353.0	443875.0	408593.5
BomM92	439597.0	409211.5	443026.0	409115.5
BomM97	439170.0	409557.5	443002.0	409220.5
BomL150	438614.5	409808.5	442973.0	409554.0
BomL69	439267.5	409448.0	442524.0	409710.5
BomM621	440993.0	408457.5	443791.5	407708.0
BomM3	439735.5	408688.5	443426.5	409099.5
BomM5	439443.0	409635.0	442388.5	409483.5
BomL34	439426.0	409682.0	442409.0	409433.0
BomL24	440116.5	408860.5	443250.0	408723.0
BomL30	439248.0	409540.5	442887.0	409274.5
BomL68	439420.0	409372.5	443034.5	409123.0
BomM109	439695.0	408603.0	443932.0	408720.0
BomL84	440250.5	408413.0	443806.0	408480.5
BomP97	440715.0	407846.0	443928.0	408461.0
BomM633	440504.5	407770.5	444424.0	408251.0
BomM251	441195.5	407463.5	444372.0	407919.0
BomM250	441062.5	407548.5	444320.5	408018.5
BomM247	441091.0	407660.0	444214.0	407985.0
BomM246	441043.0	407694.5	444411.5	407801.0
BomL172	440938.0	407996.5	444079.0	407936.5
BomM244	441122.0	407818.0	444546.5	407463.5
BomM243	441063.0	407777.5	444779.0	407330.5
BomP117	440512.5	408299.5	444180.5	407957.5
BomM580	440534.0	408108.5	443838.5	408469.0
BomM403	439935.0	408590.0	444201.5	408223.5
BomM543	440158.5	408334.0	443839.0	408618.5
BomM620	440496.0	408141.0	444249.0	408064.0
BomP36	441004.0	407545.0	444207.5	408193.5
BomP206	440833.0	407584.0	444360.0	408173.0
BomM245	441314.0	407434.5	444326.5	407875.0
BomM26	440363.5	408530.0	443344.0	408712.5
BomP101	440693.0	407846.5	444272.5	408138.0
BomP70	441149.0	407528.0	444211.0	408062.0
BomP75	441254.0	407309.5	444176.0	408210.5
BomP67	441095.5	407347.5	444344.0	408163.0
BomP78	441276.0	407440.5	444288.0	407945.5
BomM579	440697.5	407976.5	443875.0	408401.0
BomP190	440736.5	408028.5	444311.0	407874.0
BomM249	441178.0	407413.5	444398.0	407960.5
BomM248	441133.0	407507.5	444519.0	407790.5
BomM597	440525.0	408070.0	443882.0	408473.0
BomL171	441108.0	407754.0	444076.5	408011.5
BomP115	440966.5	407849.0	444091.5	408043.0
BomP189	440733.0	408101.5	444320.0	407795.5
BomP182	441213.5	407681.0	444553.5	407502.0
BomP180	441017.0	407983.0	444226.0	407724.0
BomM257	441109.0	407716.0	444349.5	407775.5
BomM638	440022.5	408710.5	443662.5	408554.5
BomM256	441174.5	407622.0	444292.5	407861.0
BomL213	439492.5	409415.5	442709.0	409333.0
BomP131	440548.5	408206.0	444160.5	408035.0
BomP130	440519.0	408198.0	444132.5	408100.5
BomM586	440948.0	407286.0	444582.0	408134.0
BomM626	440903.5	407979.0	444198.0	407869.5
BomM275	441073.5	407840.0	444451.0	407585.5
BomM274	441057.5	407816.0	444383.5	407693.0
BomP126	441061.0	408135.0	444024.0	407730.0
BomM392	440269.5	408214.0	443368.5	409098.0
BomM132	439869.5	408717.0	443804.5	408559.0
BomL162	440629.5	408128.0	444068.5	408124.0
BomM125	440673.0	407987.5	443887.5	408402.0
BomL91	440332.0	408516.5	443129.0	408972.5
BomM199	440391.0	408085.0	444463.5	408010.5
BomL86	439879.5	408931.0	443195.5	408944.0
BomM433	440582.5	407905.5	444275.5	408186.5
BomM61	439553.0	408695.5	443747.5	408954.0
BomM261	440855.5	407978.0	444070.5	408046.0
BomL83	439622.0	408613.5	443655.5	409059.0
BomM593	440524.5	408217.5	444333.0	407875.0
BomL102	440255.0	408137.0	443938.5	408619.5
BomL166	440258.0	408193.0	444073.5	408425.5
BomM397	440527.0	408439.0	443978.5	408005.5
BomL71	439600.0	408911.5	443003.0	409435.5
BomM361	440270.5	408186.0	443975.0	408518.5
BomL88	439810.0	408733.5	443830.0	408576.5
BomM57	439797.0	408563.5	443575.0	409014.5
BomM504	440429.0	408084.5	444217.0	408219.5
BomL94	439545.5	408792.0	443687.5	408925.0
BomM83	439257.5	409121.0	443731.0	408840.5
BomM295	440811.5	407827.5	444425.5	407885.5
BomM182	440407.0	408078.0	444129.5	408335.5
BomM368	440481.5	408350.0	443831.5	408287.0
BomM238	440765.0	407986.0	443465.0	408734.0
BomM237	440842.0	407893.0	443564.5	408650.5
BomM236	440682.5	408082.0	443778.5	408407.0
BomM235	440588.5	408148.5	443792.0	408421.0
BomP196	440863.0	408033.0	444197.0	407857.0
BomL159	438645.0	409761.0	442964.5	409579.5
BomP201	440254.5	408307.5	443884.0	408504.0
BomL82	439376.5	409113.5	443474.0	408986.0
BomM91	439636.0	408730.0	443462.0	409122.0
BomM131	438880.5	409658.5	443232.5	409178.5
BomM138	439416.0	409028.5	443297.5	409208.0
BomM215	440421.5	408126.5	443716.0	408686.0
BomM214	440398.0	408149.0	443905.5	408497.5
BomM164	438603.0	409975.5	442986.5	409385.0
BomM160	440503.5	408050.0	443863.0	408533.5
BomM99	440169.5	408629.0	443762.0	408389.5
BomM117	439804.5	408850.0	443524.0	408771.5
BomL97	440671.5	407833.0	443535.0	408910.5
BomM294	440642.0	408006.0	444738.5	407563.5
BomM207	440401.5	408570.0	443417.5	408561.0
BomM108	439532.0	408973.0	443589.5	408855.5
BomM50	439634.0	408772.5	443757.0	408786.5
BomM139	439625.0	408927.5	443281.5	409116.0
BomM590	441122.5	407531.5	444379.5	407916.5
BomM151	439322.0	409180.5	443623.0	408824.5
BomL81	440467.0	408098.0	443393.5	408991.5
BomM58	439574.0	408684.5	444080.5	408611.0
BomM104	439691.5	408770.0	443809.5	408679.0
BomL165	439628.5	409040.0	443532.5	408749.0
BomM188	440590.0	408545.0	443373.0	408442.0
BomM212	440507.5	408224.0	443997.5	408221.0
BomM348	440288.0	408276.0	444011.5	408374.5
BomL80	440630.5	408062.0	443324.0	408933.5
BomM220	440061.5	408477.5	443730.0	408681.0
BomL160	439811.5	408805.0	443681.0	408652.5
BomM77	440270.5	407899.0	444150.5	408630.0
BomM632	439851.5	408742.5	443640.0	408716.0
BomM202	440606.0	407715.0	444670.5	407958.5
BomM142	439421.0	409074.0	443049.0	409406.0
BomM316	440873.0	407822.5	444578.0	407676.5
BomL73	440406.0	408292.0	444200.5	408051.5
BomM155	440367.0	408319.5	443764.0	408499.5
BomM219	440540.0	407992.5	444166.0	408251.5
BomM141	439356.5	409410.0	442875.5	409308.0
BomM65	440641.0	407967.0	444109.0	408233.0
BomM66	440626.5	407963.5	444041.0	408319.0
BomM346	439446.0	409163.0	443140.5	409200.5
BomM501	440298.0	408067.0	444509.5	408075.5
BomM370	440706.5	408023.0	443815.5	408405.0
BomM369	440632.0	408008.0	443850.0	408460.0
BomM419	440669.5	407841.0	443948.5	408491.0
BomM218	440603.0	407980.5	444213.0	408153.5
BomL161	440725.0	408018.0	443797.0	408410.0
BomM522	440186.0	408187.5	444020.0	408556.5
BomM521	440158.5	408269.5	443944.5	408577.5
BomM447	440749.0	407804.0	444685.5	407711.5
BomM607	440141.0	408186.0	444017.5	408605.5
BomM73	439766.0	408857.5	443854.0	408472.5
BomM451	440266.5	408205.0	444107.5	408371.0
BomM336	439868.0	408754.0	443656.0	408672.0
BomM379	439567.0	408919.5	443284.5	409179.0
BomM452	440217.5	408556.0	444012.0	408164.5
BomM48	439990.0	408590.0	443700.5	408669.5
BomM35	440215.0	408403.0	443763.5	408568.5
BomM34	440191.5	408392.0	443710.5	408656.0
BomM601	439996.5	408610.0	443636.5	408707.0
BomM490	440445.0	408147.5	443597.0	408760.5
BomM489	440538.0	408205.0	443506.5	408700.5
BomM153	440210.5	408452.5	444065.5	408221.5
BomM439	440351.0	408544.0	443623.5	408431.5
BomM114	439506.5	409329.0	443289.5	408825.0
BomL93	440154.0	409105.0	442664.0	409027.0
BomL199	440053.0	407956.0	443960.0	408981.0
BomM106	439958.0	408314.5	443952.5	408725.0
BomM342	440789.0	407727.0	444012.5	408421.5
BomM85	439636.0	408785.0	443507.0	409022.0
BomM103	440175.5	408406.5	443859.5	408508.5
BomM498	440588.0	408069.5	444254.5	408038.0
BomL29	439326.5	409350.5	443854.5	408418.5
BomM1	439267.5	408946.5	443487.5	409248.5
BomM292	441366.5	407642.0	444532.5	407409.0
BomL39	439734.5	408860.5	443061.5	409293.5
BomM234	440650.5	407933.0	443782.0	408584.5
BomM233	440708.5	407917.0	443753.0	408571.5
BomM133	439132.0	409394.0	443185.0	409239.0
BomM76	440449.5	408097.5	443915.5	408487.5
BomL72	439544.0	408922.0	443385.5	409098.5
BomM570	438646.5	409959.5	442532.5	409811.5
BomM471	440911.5	407582.0	444804.0	407652.5
BomM194	439381.5	409389.5	443189.5	408989.5
BomM30	439626.5	408895.0	443463.5	408965.0
BomM436	440375.0	408659.0	443545.0	408371.0
BomL106	439453.0	409029.0	443272.5	409195.5
BomL87	439345.0	408911.5	443707.0	408986.5
BomM414	440476.5	408099.5	444166.5	408207.5
BomM616	440729.0	407726.0	443821.0	408674.0
BomM28	439922.5	408950.5	443116.0	408961.0
BomM542	440131.5	408315.5	443931.5	408571.5
BomM364	440089.5	408649.5	443650.5	408560.5
BomM423	440747.0	407750.5	444359.0	408093.5
BomM422	440693.0	407751.5	444460.5	408045.0
BomM329	440915.0	407801.5	444701.5	407532.0
BomM128	439213.5	409095.0	443560.5	409081.0
BomM126	440253.0	407772.0	444277.5	408647.5
BomM340	439845.5	408966.5	443515.0	408623.0
BomM467	440789.0	407928.5	444424.0	407808.5
BomM587	441252.5	407230.0	444277.0	408190.5
BomM335	439981.5	408485.0	443737.0	408746.5
BomM27	439931.5	409014.5	443064.5	408939.5
BomM107	439951.0	408723.0	443382.5	408893.5
BomM352	440646.0	408105.0	443992.5	408206.5
BomM469	440807.5	408242.0	443851.5	408049.0
BomM391	440372.5	407968.0	443839.5	408770.0
BomM69	439608.5	408721.0	443780.0	408840.5
BomM372	440328.0	408747.5	443325.5	408549.0
BomM431	440272.0	408563.5	443892.5	408222.0
BomM102	439910.0	408952.0	443208.0	408880.0
BomM165	439007.5	409477.5	442912.0	409553.0
BomM449	440234.0	408234.0	444106.5	408375.5
BomM533	440111.0	408732.5	443824.0	408282.5
BomM328	441230.5	407385.5	444857.0	407477.0
BomM359	439891.0	408646.5	443969.5	408443.0
BomM365	440278.0	408359.5	443703.0	408609.5
BomM242	441047.5	407664.5	444353.5	407884.5
BomM192	438758.5	410249.0	441545.5	410397.0
BomM116	439440.0	409413.5	443366.0	408730.5
BomM241	441132.5	407663.5	444201.0	407953.0
BomM337	440766.0	407971.5	444143.5	408069.0
BomM222	440717.5	408141.0	443803.0	408288.5
BomM627	440649.5	408150.0	443781.5	408369.0
BomM596	440952.5	407459.5	444351.0	408187.0
BomM191	439209.5	409808.5	442060.0	409872.0
BomM344	440589.5	408024.5	443666.0	408670.0
BomM591	440605.5	407963.5	444909.5	407471.5
BomM430	439609.5	409228.5	443416.0	408696.0
BomM115	439559.5	409241.5	443395.5	408753.5
BomM363	439682.5	408704.5	443576.5	408986.5
BomM358	439974.0	408570.0	443218.5	409187.5
BomM163	439409.0	409486.0	443081.0	408974.0
BomM614	440276.5	408130.0	443847.0	408696.5
BomM500	440898.5	407864.5	444221.5	407965.5
BomM293	440836.5	408057.0	444437.5	407619.0
BomM224	440175.5	408820.0	443557.0	408397.5
BomM578	440581.5	408071.5	443619.5	408677.5
BomP204	439281.0	409420.5	442512.0	409736.5
BomM491	440576.0	408078.5	443819.5	408476.0
BomM374	440440.5	408125.0	444038.5	408346.0
BomM360	440057.0	408427.5	443741.5	408724.0
BomM80	440171.5	408389.5	444221.0	408168.0
BomM146	439879.0	408926.0	443649.0	408496.0
BomL70	439622.5	409158.0	442507.0	409662.5
BomM637	440397.0	407870.5	443981.5	408701.0
BomM88	439388.5	409556.0	442953.0	409052.5
BomM613	441324.0	407519.5	443783.0	408323.5
BomM362	439913.5	408696.5	443230.0	409110.0
BomM416	440852.5	407819.0	444092.0	408186.5
BomM94	439317.5	409048.5	443106.5	409477.5
BomM8	438813.0	409983.0	442292.5	409861.5
BomM4	439169.0	409855.5	442247.5	409678.0
BomM213	440116.5	408516.0	444354.0	407963.5
BomP200	439617.0	409162.0	442960.0	409211.0
BomM398	440769.0	407899.5	443837.0	408444.5
BomM323	441153.5	407443.0	444573.0	407780.5
BomM49	439857.5	408635.0	443565.5	408892.0
BomL76	439275.0	409222.5	443173.5	409279.0
BomM93	439042.0	409556.0	442817.0	409535.0
BomM62	439323.5	409072.0	443775.0	408779.5
BomM478	440992.0	407541.5	444637.5	407779.0
BomM154	440514.0	408240.0	443787.0	408409.0
BomM140	439941.0	408752.5	443609.5	408647.0
BomL78	440134.5	408722.5	443480.0	408613.0
BomM22	439434.0	409353.0	442791.0	409372.0
BomM448	440761.5	407741.5	444710.5	407736.5
BomM211	440662.5	408314.0	443898.0	408075.5
BomM450	440234.5	408199.5	444137.0	408379.0
BomM481	440816.5	407804.0	444656.5	407673.0
BomM511	441276.0	407519.5	443923.0	408231.5
BomM367	440818.0	408323.5	443616.0	408192.5
BomM366	440589.5	408417.0	443560.0	408383.5
BomM477	440657.0	407919.0	444457.5	407916.5
BomM476	440891.0	407839.5	444399.0	407820.5
BomM493	440541.5	407832.0	444351.5	408225.0
BomM330	440925.5	408020.0	444347.0	407657.5
BomM456	440811.5	407775.0	444322.0	408041.5
BomM455	440759.5	407788.0	444200.5	408202.0
BomM371	440224.5	408251.0	443926.0	408548.5
BomM135	439385.0	409088.0	443380.0	409097.0
BomM134	439421.5	409115.0	443303.5	409110.0
BomM37	439999.5	408646.0	444013.5	408291.0
BomM454	441404.0	407333.0	444167.5	408045.5
BomM599	440465.5	408374.0	443556.0	408554.5
BomM630	440487.5	408248.5	444271.0	407943.0
BomM512	440532.0	408063.0	443935.5	408419.5
BomM495	440162.0	407988.0	444081.5	408718.5
BomM514	440471.5	408183.5	444111.5	408183.5
BomM402	440190.5	408670.0	443291.0	408798.5
BomM33	440678.5	407783.5	443811.0	408677.0
BomM611	440008.5	408717.5	443719.5	408504.5
BomM401	440140.0	408739.0	443277.0	408794.0
BomM130	440196.5	408747.0	443604.5	408402.0
BomM458	440439.5	407846.5	444072.5	408591.5
BomM463	440433.0	407828.5	444306.5	408382.0
BomM290	441133.5	407637.0	444541.0	407638.5
BomM462	440458.0	407825.0	444270.0	408397.0
BomM411	440395.0	408226.5	443892.5	408436.0
BomL164	439730.5	408965.5	443730.0	408524.0
BomM410	440338.0	408236.0	443966.0	408410.0
BomM473	440898.0	407453.5	444886.5	407712.0
BomM70	439758.0	408454.0	443820.0	408918.0
BomM64	439842.0	408713.0	443955.5	408439.5
BomM600	440744.5	408337.5	443896.5	407971.5
BomL169	440875.5	407968.0	443828.5	408278.0
BomM499	440866.5	407838.5	444300.0	407945.0
BomM539	439461.0	408923.5	443339.0	409226.5
BomM538	439419.5	408943.5	443359.5	409227.5
BomM385	440236.0	408583.0	443459.5	408671.5
BomM437	440413.0	408537.0	443526.0	408474.0
BomM438	440391.0	408525.5	443606.0	408427.5
BomM536	439900.5	408407.0	443664.0	408978.5
BomM42	440015.5	408739.0	443230.5	408965.0
BomM424	440714.5	408272.5	444177.5	407785.5
BomM520	440448.5	408020.0	444040.0	408441.5
BomM278	441019.0	407996.0	444118.5	407816.5
BomM56	439630.5	409072.0	443403.0	408844.5
BomM629	440816.0	407954.0	444213.5	407966.5
BomM628	441056.0	407784.0	444348.0	407762.0
BomM519	440228.0	408107.5	444073.0	408541.5
BomM466	440226.0	408142.0	444602.5	407979.5
BomM186	440876.0	407720.5	444187.0	408166.5
BomM351	440187.0	408451.0	443722.5	408589.5
BomM386	440513.5	408531.0	443427.5	408478.0
BomM554	440994.0	407692.0	444241.0	408023.0
BomM509	440588.0	408357.5	443547.5	408457.0
BomL104	439907.0	408434.0	443771.0	408838.0
BomM576	440426.5	408287.5	444134.5	408101.5
BomM575	440631.5	408150.5	444258.0	407910.0
BomM513	440448.5	408219.5	443993.0	408289.0
BomM9	439463.5	409179.5	442918.0	409389.0
BomM32	439796.0	408439.0	443926.0	408789.0
BomM421	440691.0	408163.0	443655.0	408441.0
BomM445	440471.5	408138.0	444075.0	408265.5
BomM615	440018.0	408286.5	443712.0	408933.5
BomM407	440164.5	408624.0	443860.0	408301.5
BomM406	440309.0	408551.5	443894.5	408195.0
BomM510	440503.5	408069.5	443878.5	408498.5
BomM405	440677.5	408005.0	444375.0	407892.5
BomM404	440773.5	408103.5	444247.0	407826.0
BomM537	439805.5	408477.5	443590.5	409076.5
BomM460	440011.0	408272.0	444452.5	408214.5
BomM459	439921.5	408267.0	444704.5	408057.0
BomM409	440285.0	408345.0	443693.5	408626.5
BomM598	440133.0	408562.5	443666.0	408588.5
BomM184	440645.0	407780.5	444377.0	408147.5
BomP15	440165.5	408128.5	444262.5	408393.5
BomM435	440516.5	408271.0	444083.0	408079.5
BomM434	440223.0	408505.5	443917.5	408304.0
BomM566	440840.5	407954.5	443544.5	408610.5
BomM625	441149.0	407440.0	444483.0	407878.0
BomM334	440456.0	408089.5	443807.0	408597.5
BomM122	439358.0	409086.5	443741.0	408764.5
BomL196	441161.0	407708.0	444184.0	407897.0
BomL195	441184.5	407715.0	444207.5	407843.0
BomM468	440486.0	408090.5	444305.5	408068.0
BomM291	441107.5	407814.0	444550.5	407478.0
BomM44	439958.0	408916.0	443989.5	408086.5
BomM497	440044.5	408561.5	444010.5	408333.5
BomM333	440441.0	408152.5	443448.0	408908.5
BomM418	440799.5	407797.0	443931.0	408422.5
BomM508	441167.0	407904.0	443824.0	408055.0
BomM408	440835.5	407961.5	444005.0	408148.0
BomM483	440840.5	407758.0	444748.0	407603.5
BomM72	439560.5	408736.0	443772.0	408881.5
BomM494	439867.5	408538.5	443215.5	409328.5
BomL212	440582.0	408164.0	443977.5	408226.5
BomM25	440540.0	408251.5	443588.0	408570.5
BomM517	440323.5	408196.0	443937.0	408493.5
BomM496	440316.0	408321.5	443760.0	408552.5
BomM531	440433.0	408456.0	443569.5	408491.5
BomM535	440487.5	408195.5	444066.0	408201.0
BomM584	440505.5	407973.5	444100.0	408371.0
BomM198	440137.0	408888.0	443537.0	408388.0
BomM36	439710.5	409174.0	442979.5	409086.0
BomM373	440273.0	408002.5	443914.5	408760.0
BomM592	441137.5	407758.0	444189.0	407865.5
BomM279	440962.0	407778.5	444330.5	407879.0
BomM113	439467.5	408925.0	443575.0	408982.5
BomM47	440062.0	408405.5	443877.5	408605.0
BomM75	439828.0	408547.0	443925.5	408649.5
BomM46	439502.5	408745.0	443880.0	408822.5
BomM136	440104.0	408599.0	443394.0	408853.0
BomM341	440296.0	408011.0	444023.0	408620.0
BomM201	440425.5	408578.5	443811.5	408134.5
BomM413	440177.0	408278.0	444279.0	408216.0
BomM595	440514.5	408242.5	444161.0	408032.0
BomM54	440067.5	408659.0	443537.0	408686.5
BomM273	441339.0	407579.5	444683.5	407348.0
BomM603	440850.5	408107.5	443619.0	408373.0
BomM79	439944.5	408447.0	444299.5	408259.0
BomM585	440966.5	407620.0	444209.0	408154.5
BomM503	440103.0	408635.5	443755.0	408456.5
BomM502	440054.0	408687.5	443602.0	408606.5
BomM190	440946.5	408173.0	443535.5	408295.0
BomM137	440183.5	408725.5	442564.0	409477.0
BomM43	439444.5	409088.5	443810.5	408606.5
BomM74	439391.5	409016.0	443553.0	408989.5
BomM400	440494.0	408368.5	443349.0	408738.5
BomM272	441178.5	407706.5	444592.0	407473.0
BomM112	439768.0	408980.0	443817.0	408385.0
BomM87	439771.5	408870.0	443802.0	408506.5
BomM95	439833.5	408999.5	443001.0	409116.0
BomM2	439438.5	408698.5	443713.0	409100.0
BomM121	439521.0	409065.0	443467.0	408897.0
BomM119	439616.0	409015.5	443480.5	408838.0
BomM345	439642.0	409044.0	443229.0	409035.0
BomM81	438571.5	409920.5	442722.5	409735.5
BomM145	439773.0	408734.5	443412.5	409030.0
BomM523	439843.5	408707.0	443693.5	408706.0
BomM269	441390.0	407740.5	444303.5	407516.0
BomM60	439557.0	408804.0	443837.5	408751.5
BomM443	440468.5	408168.0	443860.5	408453.0
BomM189	440894.5	408201.0	443417.5	408437.0
BomM101	439853.0	408743.5	443458.0	408895.5
BomM412	440201.0	408245.5	444213.0	408290.5
BomM540	440613.5	408054.5	444370.5	407911.5
BomM429	440559.0	408371.0	443701.0	408319.0
BomM347	440373.5	408696.0	443414.5	408466.0
BomM111	439814.0	408931.5	443292.0	408912.5
BomM428	440407.0	408488.0	443427.0	408628.0
BomM268	441382.5	407626.5	444209.0	407732.0
BomM52	440527.0	408173.0	444114.5	408135.5
BomM100	439598.5	409024.0	443696.0	408631.5
BomM353	440558.5	408389.0	443540.5	408462.0
BomM152	439742.5	408822.0	443723.0	408662.5
BomM453	440342.0	408156.0	443918.5	408533.5
BomM156	439261.5	409213.5	443565.0	408910.0
BomM110	439660.0	409020.0	443809.0	408461.0
BomM55	439154.5	409130.0	443759.0	408906.5
BomM181	440400.0	408545.5	443418.5	408586.0
BomM395	440316.0	408086.5	443914.0	408633.5
BomM285	441518.0	407705.0	444145.0	407582.0
BomM417	440747.0	407721.5	443748.0	408733.5
BomM546	440348.5	408264.5	444527.5	407809.5
BomM588	441529.0	407417.5	444000.5	408003.0
BomM144	439744.5	408932.0	443372.5	408901.0
BomM527	440100.5	408178.5	443771.0	408900.0
BomM208	440428.0	408341.0	443743.0	408438.0
BomM78	440122.5	408457.5	444251.0	408119.0
BomM187	440696.5	408234.5	443169.5	408849.5
BomM284	441378.5	407658.0	444408.5	407505.0
BomM384	439527.0	409224.5	443482.5	408716.0
BomM383	439447.0	409280.5	443550.5	408672.0
BomM602	439919.0	408203.5	443868.0	408959.5
BomM432	440452.5	408070.5	444464.5	407962.5
BomM427	440365.5	408254.5	443843.5	408486.5
BomL25	439543.5	409117.5	442959.0	409330.0
BomM53	439890.0	408588.5	444063.5	408408.0
BomL198	440665.5	407950.5	444232.0	408102.0
BomM124	440738.5	407815.5	443988.5	408407.5
BomM68	439210.0	409147.5	443364.0	409228.5
BomM271	441291.0	407704.5	444287.0	407667.5
BomP16	440141.0	408136.5	444219.5	408453.0
BomM488	440399.0	408319.0	443780.5	408451.5
BomM487	440434.5	408275.5	443836.0	408404.0
BomM569	441255.5	407892.5	443977.5	407824.5
BomM516	440769.0	407517.5	444202.0	408461.5
BomM376	439818.5	408525.5	443722.0	408884.0
BomM375	439820.5	408427.5	443884.5	408817.5
BomM465	440700.5	407978.5	444245.5	408025.5
BomM464	440647.5	408074.0	444219.0	408009.5
BomM475	440772.5	407748.0	444573.0	407856.5
BomM474	440608.0	407967.5	444584.5	407790.0
BomM270	441285.5	407552.5	444532.0	407580.0
BomM553	440568.0	408379.5	444171.5	407831.0
BomM444	440279.5	408252.5	443747.0	408671.0
BomM461	440550.0	408142.5	444064.0	408193.5
BomM486	440351.0	407772.5	444206.0	408620.5
BomM457	440525.5	408005.5	444042.0	408377.0
BomM568	440660.5	407967.5	444245.0	408077.0
BomM558	440956.5	407785.0	443939.5	408269.0
BomM557	440921.0	407709.0	444135.5	408184.5
BomM567	440859.0	407771.0	444394.0	407926.0
BomM71	439625.0	408912.5	443707.0	408705.5
BomM307	441182.0	407777.5	443994.0	407996.5
BomM39	440645.5	407761.5	444133.5	408409.5
BomM470	440963.0	407770.5	444355.0	407861.5
BomM574	440897.5	407858.0	444331.5	407863.0
BomL186	440486.5	408010.0	443943.5	408510.0
BomM399	440486.0	408267.0	443528.5	408668.5
BomM446	440770.0	407549.5	444812.5	407818.0
BomM530	440322.0	408270.0	443332.5	409025.5
BomM200	440551.0	408099.0	444456.5	407843.5
BomM38	440755.5	407744.5	443985.0	408465.0
BomM24	440291.5	408736.0	443392.0	408530.5
BomM306	441383.0	407599.5	444347.0	407620.5
BomM529	440274.0	408507.0	443608.0	408561.0
BomM378	440548.0	408416.0	443379.0	408607.0
BomM528	439816.5	408760.0	443666.0	408707.5
BomM260	440686.0	408500.0	443982.5	407781.5
BomM420	441005.0	407813.5	444118.5	408013.0
BomM389	440188.0	408596.0	442917.5	409248.5
BomM357	440558.0	408373.0	443573.5	408445.5
BomM573	440866.5	408028.0	444441.0	407614.5
BomM382	440576.0	408090.5	443576.0	408707.5
BomM609	439260.0	409717.5	442547.5	409425.0
BomM263	441412.0	407928.5	443983.5	407626.0
BomM604	440643.5	408099.0	443360.0	408847.5
BomM608	440069.5	408930.0	443566.5	408384.0
BomM518	440634.0	407963.5	444178.0	408174.5
BomM526	440083.5	408746.0	443284.0	408836.5
BomM482	440973.0	407697.0	444610.5	407669.5
BomM507	439854.5	408652.5	444055.0	408388.0
BomM96	439624.0	409049.5	443387.0	408889.5
BomM84	439224.0	409026.5	443710.5	408989.0
BomM120	439452.5	409376.5	443116.5	409004.5
BomM262	441390.0	407851.0	444165.5	407543.5
BomM223	440304.0	408627.5	443936.5	408082.0
BomM221	440213.5	408274.0	444033.0	408429.5
BomM86	439518.5	408875.5	443416.0	409140.0
BomP205	440622.0	407690.0	444409.0	408229.0
BomM118	439768.0	409078.0	443271.0	408833.0
BomM23	439363.5	409308.5	442646.0	409632.0
BomM15	438501.5	410374.0	441741.5	410333.0
BomM231	440240.5	408689.5	443641.5	408378.5
BomM14	437443.5	411091.5	440989.0	411426.0
BomM16	438812.0	410186.5	441616.0	410335.5
BomM267	441096.0	407868.5	444456.5	407529.0
BomM13	437291.0	411385.5	440665.5	411608.0
BomL35	439859.5	408600.5	443608.5	408881.5
BomM21	438827.0	410163.0	441369.5	410590.5
BomL149	438636.5	409807.5	442932.5	409573.5
BomL144	438649.5	409762.5	442976.5	409561.5
BomL142	438598.5	409841.5	442903.5	409606.5
BomL152	438530.5	409832.5	443098.0	409489.0
BomM524	440188.5	408537.0	443913.5	408311.0
BomM168	438642.0	409766.0	442914.0	409628.0
BomM170	438663.5	409759.0	442971.0	409556.5
BomM266	441205.5	407676.5	444474.0	407594.0
BomM232	440336.5	408038.0	443736.5	408839.0
BomM31	439768.5	408626.0	443784.5	408771.0
BomM173	438621.0	409768.0	442980.5	409580.5
BomM177	438635.0	409755.5	442961.5	409598.0
BomM623	440294.5	408300.5	444147.5	408207.5
BomM622	440349.5	408200.5	444247.0	408153.0
BomM172	438678.0	409763.0	442924.5	409584.5
BomM176	438762.0	409606.0	443192.5	409389.5
BomM169	438639.0	409774.5	442979.5	409557.0
BomM105	439790.0	408823.5	443859.0	408477.5
BomM313	440831.0	407881.0	444640.0	407598.0
BomM180	438632.5	409762.5	442986.0	409569.0
BomM175	438442.5	409889.5	443075.0	409543.0
BomM171	439070.5	409420.5	443040.5	409418.5
BomM82	439583.0	408965.0	443302.5	409099.5
BomM149	440487.0	408086.5	443926.0	408450.5
BomM148	440148.0	408325.0	443912.5	408564.5
BomL140	438665.5	409761.0	442957.0	409566.5
BomP54	441228.5	407593.0	444094.5	408034.0
BomM492	440516.0	407863.0	444239.0	408332.0
BomM196	440242.0	408509.5	443588.5	408610.0
BomM312	440749.0	407908.0	444618.5	407674.5
BomM195	440419.5	408419.5	443701.0	408410.0
BomM426	440514.5	408207.0	444119.0	408109.5
BomM425	440292.5	408347.0	444070.0	408240.5
BomL153	438645.5	409763.0	442918.5	409623.0
BomL158	438667.5	409748.0	442969.5	409565.0
BomM415	440845.0	407855.5	444048.5	408201.0
BomM532	440266.0	408589.0	443686.0	408409.0
BomL156	438664.5	409740.5	442929.0	409616.0
BomM158	438936.5	409601.5	443108.0	409304.0
BomM225	440812.5	407932.5	443949.0	408256.0
BomM325	441511.5	407584.0	444282.0	407572.5
BomP96	440643.0	408125.5	443883.0	408298.5
BomM209	440480.5	408385.0	443704.5	408380.0
BomM229	440892.0	407267.0	444572.5	408218.5
BomM18	439449.5	409459.5	442736.0	409305.0
BomM19	438062.0	410524.5	441519.5	410844.0
BomM205	440559.5	408315.5	443879.0	408196.0
BomM541	440528.5	408007.5	444271.5	408142.5
BomM11	437761.5	410937.5	440931.0	411320.0
BomM193	439309.5	409434.5	443040.0	409166.0
BomM162	438942.5	409543.5	443078.5	409385.5
BomM324	441364.0	407578.0	444273.5	407734.5
BomL3	438542.0	410053.0	442465.0	409890.0
BomL2	438689.0	410003.0	442199.0	410059.0
BomM227	440707.5	407728.5	444170.5	408343.5
BomM51	439495.0	409023.5	443250.0	409181.5
BomL139	438632.5	409824.5	442914.5	409578.5
BomL141	438570.0	409788.5	442981.5	409610.0
BomL155	438636.0	409752.0	443025.5	409536.5
BomM339	437739.5	410623.5	441839.0	410748.0
BomL146	438623.5	409780.0	442930.5	409616.0
BomL148	438647.5	409743.0	442955.5	409604.0
BomM265	440848.0	407918.5	444500.5	407683.0
BomM217	440977.0	408010.5	444010.0	407952.5
BomL143	438666.0	409744.5	442895.0	409644.5
BomM240	441329.0	407760.5	444037.0	407823.5
BomM577	440585.5	408046.0	444282.0	408036.5
BomL151	438663.0	409749.5	442967.5	409570.0
BomM210	440652.0	408121.0	443759.5	408417.5
BomL157	438689.0	409643.0	443090.5	409527.5
BomP147	440619.5	408171.5	444237.5	407921.5
BomM619	440815.0	407810.5	443832.5	408492.0
BomM264	440629.5	408112.0	444565.5	407643.0
BomL145	438670.0	409752.0	442929.5	409598.5
BomL147	438714.0	409712.5	442985.0	409538.5
BomM41	440816.5	407727.5	444200.0	408206.0
BomM40	440812.5	407722.5	444193.0	408222.0
BomP138	440109.5	408412.0	444118.0	408310.5
BomP80	441251.0	407479.5	444201.5	408018.0
BomM583	440685.5	407788.5	444013.0	408463.0
BomM197	440724.5	408222.5	444013.5	407989.5
BomM390	440555.5	407650.5	444403.0	408341.0
BomM206	440616.0	408157.0	443839.0	408338.0
BomM320	441459.5	407729.5	444277.0	407484.0
BomM123	439992.0	408435.5	443887.5	408635.0
BomL154	438669.0	409752.5	442903.5	409625.0
BomM617	441094.0	407622.5	443637.5	408596.0
BomP124	440571.0	408280.0	444004.0	408095.0
BomM545	440516.5	408225.0	444604.5	407604.0
BomP83	441251.5	407332.0	444274.5	408092.0
BomP144	440662.5	408047.5	444126.5	408113.5
BomM594	440817.5	407828.0	444608.0	407696.5
BomP173	440736.5	408009.5	444236.5	407967.5
BomM572	440361.5	408151.0	444040.0	408397.5
BomM319	441304.5	407737.0	444205.0	407703.5
BomM159	439428.5	409116.0	443561.0	408844.5
BomM618	440185.5	408178.0	443863.5	408723.0
BomM166	439107.5	409171.0	443296.5	409375.0
BomP142	440612.0	408146.5	444011.0	408180.5
BomM555	440984.0	408026.5	444098.5	407841.0
BomM204	440555.5	408036.0	443975.0	408383.5
BomM203	440665.0	407890.5	444012.0	408382.5
BomP88	441217.5	407480.0	444245.5	408007.0
BomL108	440291.5	408129.0	444181.0	408348.5
BomM343	440370.0	408180.5	443745.0	408654.5
BomM281	441149.0	407808.5	444293.0	407699.5
BomM29	439783.5	408820.0	443860.0	408486.5
BomM394	440281.5	408349.0	444043.0	408276.5
BomM45	439432.0	408880.0	443721.5	408916.5
BomM624	440334.0	408295.5	443948.0	408372.5
BomM228	440409.0	408184.5	443785.5	408571.0
BomM230	441326.0	407628.5	443986.5	408009.0
BomM355	440487.5	408338.5	443982.0	408142.0
BomM354	440460.0	408327.5	444004.0	408158.5
BomM612	441105.0	407504.5	443801.0	408539.5
BomM226	441045.5	407273.0	444579.5	408052.0
BomM280	440794.5	408078.0	444252.0	407825.5
BomM174	438489.5	409906.0	442922.0	409632.5
BomM167	438601.5	409774.5	442964.5	409609.5
BomM571	440353.5	408150.5	444353.0	408093.0
BomL209	439685.0	408723.5	443682.5	408859.0
BomM377	439974.5	408943.0	443405.5	408627.0
BomM547	439423.0	409187.5	442747.5	409592.0
BomM150	439966.0	408821.0	443300.5	408862.5
BomL129	440359.5	408251.0	444228.5	408111.0
BomM157	439254.0	409310.5	443116.5	409269.0
BomM534	440538.5	408041.5	444151.5	408218.5
BomM311	441163.0	407725.0	444227.0	407835.0
BomL134	439939.5	408702.0	443592.5	408716.0
BomM349	440620.5	408573.0	443428.0	408328.5
BomL130	439883.5	408490.0	443991.5	408585.0
BomL211	439453.5	408971.0	443455.0	409070.5
BomM350	440641.0	408174.5	443761.5	408373.0
BomM549	439380.0	409011.5	442809.0	409749.5
BomP82	441279.5	407415.5	444266.0	407989.0
BomP118	440749.5	407988.5	444190.5	408021.5
BomP136	440748.5	407788.5	444231.5	408181.5
BomP143	440237.5	408350.5	444100.0	408262.0
BomM310	441044.0	407907.0	444221.0	407778.0
BomP134	440959.0	407687.5	444028.0	408275.5
BomL208	440203.5	408393.5	443747.0	408606.0
BomP135	440589.0	408002.0	444167.0	408192.0
BomM396	440774.0	407823.0	444705.0	407648.0
BomL132	439230.0	409090.5	443747.5	408882.0
BomM12	437023.5	411724.0	439998.5	412204.0
BomM381	440826.5	408177.0	443579.5	408367.0
BomM631	440041.0	408620.5	443703.0	408585.5
BomP145	440222.0	408421.0	444085.5	408221.5
BomP81	441024.0	407461.5	444413.0	408051.5
BomM303	441254.5	407768.0	444091.0	407836.5
BomM338	438327.0	410363.0	441899.5	410360.5
BomP85	440999.0	407386.5	444262.5	408302.0
BomM472	440789.5	407713.5	445025.5	407421.5
BomM183	440217.5	408401.0	443368.5	408963.0
BomM216	440586.5	408154.5	444058.5	408150.5
BomM20	439142.5	409885.0	442099.0	409823.5
BomP116	440987.5	407908.0	443682.5	408372.0
BomP210	441207.0	407441.5	444054.0	408247.5
BomM388	440721.5	408154.0	443952.5	408122.0
BomP140	440079.5	408552.5	444011.0	408307.0
BomP209	441312.5	407208.5	444301.5	408127.5
BomM302	441288.5	407745.5	444251.0	407665.0
BomL107	439325.0	409171.0	443227.5	409226.5
BomP141	440388.0	408307.0	444101.5	408153.5
BomP139	440098.5	408570.0	443987.0	408294.5
BomM161	439110.5	409339.0	443431.5	409069.0
BomL133	439506.5	408848.0	443684.0	408911.5
BomP208	441496.5	407307.5	444332.5	407813.5
BomP146	440620.0	408174.0	444331.0	407825.0
BomL103	440604.5	407747.5	444475.0	408123.0
BomL163	439621.0	408876.0	443513.0	408940.0
BomL128	439988.0	408676.0	443766.0	408520.0
BomM297	441310.5	407746.5	444200.0	407693.0
BomM552	439125.5	409438.0	442254.0	410132.5
BomM548	439233.5	409525.5	442317.0	409874.0
BomM550	440108.5	408679.0	443111.0	409051.5
BomM505	439999.0	408587.5	443727.0	408636.5
BomL126	440866.0	407677.0	444600.0	407807.0
BomM129	439786.0	408533.0	443549.0	409082.0
BomL131	439210.0	409098.0	443763.5	408878.5
BomM506	440368.5	408265.5	444137.0	408179.0
BomM551	438882.5	409728.5	442185.5	410153.5
BomM296	441031.5	407731.5	444409.5	407777.5
BomM147	439709.5	408717.5	443835.5	408687.5
BomM127	439646.5	408810.5	443755.5	408737.5
BomM556	440664.0	408013.0	444118.5	408154.5
BomM356	440536.5	408529.5	443242.0	408642.0
BomM17	439435.0	409611.0	442302.0	409602.0
BomM610	440262.5	408386.5	443711.5	408589.5
BomM59	439288.0	409104.0	443585.5	408972.5
BomM239	440367.0	408231.5	443911.0	408440.5
BomP137	440197.0	408416.0	444047.5	408289.5
BomP66	441123.0	407350.5	444460.0	408016.5
BomM299	440920.0	407885.5	444391.0	407753.5
BomL127	440101.0	408582.0	443831.5	408435.5
BomP84	441034.0	407623.0	444056.5	408236.5
BomP86	441488.0	407310.5	444110.0	408041.5
BomP207	440737.0	407782.0	443821.5	408609.5
BomM185	440670.0	407938.0	444066.0	408276.0
BomP127	440750.5	407906.0	443948.5	408345.0
BomM6	440514.5	408243.0	443721.0	408471.5
BomM298	440707.5	407932.5	444577.5	407732.5
BomP129	440241.0	408511.0	444191.5	408006.5
BomP90	441164.5	407377.5	444279.5	408128.5
BomP89	441270.5	407329.5	444267.0	408083.0
BomP154	440898.0	407908.0	444011.5	408132.5
BomP152	440628.5	408301.5	444282.5	407737.5
BomP151	440869.5	408124.5	443983.0	407973.0
BomP29	440861.0	408025.0	443885.0	408179.0
BomP31	441068.0	407870.5	444101.5	407910.0
BomP30	440974.5	407998.0	443981.5	407996.0
BomL125	439289.0	409427.5	443077.5	409156.0
BomM327	441111.0	407721.5	444350.5	407767.0
BomL138	438920.5	409502.5	443098.0	409429.0
BomL117	439151.5	409390.0	442886.0	409522.5
BomL115	439507.0	408903.0	443132.0	409408.0
BomL118	439985.0	408437.0	443543.0	408985.0
BomL121	439352.0	409167.5	443096.5	409334.0
BomL120	439331.0	409161.5	443146.5	409311.0
BomL136	438825.0	409614.5	443026.5	409484.0
BomL27	439443.5	409657.5	442588.5	409260.5
BomL33	439396.5	409708.5	442148.0	409697.0
BomL26	439449.0	409077.5	443294.0	409129.5
BomL28	439333.5	409506.5	442987.0	409123.0
BomM326	440850.0	407798.5	444391.5	407910.0
BomP199	440824.0	407789.5	444459.5	407877.0
BomP198	441178.0	407609.5	444123.0	408039.5
BomP105	441055.5	407665.5	444065.0	408164.0
BomP104	441022.0	407644.5	444175.0	408108.5
BomP103	441051.0	407574.5	443753.0	408571.5
BomP102	441063.5	407484.0	444018.5	408384.0
BomP119	440797.0	407524.0	444216.0	408413.0
BomP18	441491.5	407582.5	443979.0	407897.0
BomP202	440218.0	408128.5	444017.5	408586.0
BomL124	439185.0	409446.0	443109.0	409210.0
BomM283	441290.5	407708.5	444456.0	407495.0
BomM515	440652.0	407668.5	444277.5	408352.0
BomM480	440946.0	407637.0	444714.0	407653.0
BomM479	440949.5	407637.5	444694.0	407669.0
BomM178	438645.0	409741.0	442935.0	409629.0
BomM179	438656.5	409746.5	442898.0	409649.0
BomL123	439682.0	408831.0	443468.5	408968.5
BomL110	439611.5	408693.0	443516.0	409129.5
BomL116	439511.5	408998.5	443002.0	409438.0
BomL210	439791.0	408395.0	444065.0	408699.0
BomL119	439336.5	409145.5	443161.0	409307.0
BomM282	441156.5	407630.5	444784.0	407379.0
BomL135	438948.5	409444.0	443194.5	409363.0
BomL137	438809.5	409613.5	443016.5	409510.5
BomL113	439598.5	408826.0	443380.5	409145.0
BomL109	439915.5	408406.0	443797.0	408831.5
BomL10	439523.5	409470.0	442641.5	409315.0
BomL8	440126.0	408969.5	442680.5	409174.0
BomL15	439903.5	409078.0	442780.5	409188.0
BomL14	439844.5	409051.5	442861.5	409192.5
BomL13	439782.0	409056.5	443150.5	408961.0
BomL9	439557.0	409544.0	442561.0	409288.0
BomM287	440823.5	408136.0	443980.0	408010.5
BomL85	439997.0	408662.0	443610.0	408681.0
BomL12	439871.5	409011.5	442923.0	409144.0
BomL11	439963.0	409058.5	442944.5	408984.0
BomM143	438404.5	410202.5	442243.5	410099.5
BomL46	439876.5	409238.5	442799.5	409035.5
BomL79	439808.5	408755.5	443787.0	408599.0
BomL45	439656.0	409141.5	442777.5	409375.0
BomP197	440275.0	408109.0	444035.5	408530.5
BomL36	439293.0	409356.0	442406.5	409894.5
BomL42	438593.0	410004.0	442648.0	409705.0
BomL44	439087.0	409861.0	442462.0	409540.0
BomM286	440875.5	408031.5	444216.5	407826.5
BomL192	440387.0	408195.0	443750.0	408618.0
BomL43	439058.0	409598.5	442847.0	409446.5
BomL65	439496.0	409163.0	442795.0	409496.0
BomL19	439076.5	409514.5	442810.0	409549.0
BomL5	439333.0	409439.5	442535.0	409642.5
BomL23	439678.0	409161.0	442956.5	409154.5
BomL16	439626.0	409061.0	443480.0	408783.0
BomL176	440651.0	407881.0	444064.5	408353.5
BomL1	438683.5	410226.0	441963.5	410077.0
BomL18	439759.5	408994.0	443192.0	409004.5
BomM332	440874.0	407934.5	444535.0	407606.5
BomL22	439361.0	409163.5	443045.0	409380.5
BomL4	439753.5	409107.0	442616.5	409473.0
BomL21	439563.5	409038.5	443134.5	409213.5
BomL20	439328.0	409364.0	443116.5	409141.5
BomL17	438895.0	409547.0	442993.5	409514.5
BomL100	440283.0	408052.0	443568.0	409047.0
BomL95	440229.5	408470.5	443478.5	408771.5
BomP195	441607.0	407368.0	444229.0	407746.0
BomL167	440678.0	407715.5	444011.0	408545.5
BomL99	440490.0	408135.5	443783.0	408541.5
BomM331	440972.5	407875.0	444492.0	407610.5
BomL98	440053.5	408512.5	443564.0	408820.0
BomL175	440921.5	407897.0	443835.5	408296.0
BomL173	440552.5	408136.0	444023.5	408238.0
BomL174	441110.0	407847.0	444173.0	407820.0
BomL50	440226.5	408850.0	442705.0	409168.5
BomL49	440146.5	408529.5	443064.0	409210.0
BomL182	440221.5	408223.5	444262.0	408243.0
BomL183	440331.5	408168.0	444086.0	408364.5
BomL181	440625.5	407915.0	444171.0	408238.5
BomL53	439466.0	409463.0	442587.5	409433.5
BomM309	440965.5	407977.5	444442.5	407564.5
BomL52	439674.0	408913.0	443110.0	409253.0
BomL180	440575.0	408293.0	443796.5	408285.5
BomL179	440866.5	408062.0	443693.0	408328.5
BomL185	440396.5	408181.0	443917.5	408455.0
BomL184	440405.5	408635.0	443508.5	408401.0
BomL177	440649.5	407776.5	444528.0	407996.0
BomL55	439913.0	408572.5	443253.0	409211.5
BomL64	439893.5	409049.0	442495.0	409512.5
BomL60	439643.5	409074.0	443081.0	409151.5
BomL62	439957.5	408603.0	443069.5	409320.0
BomM308	441095.5	407767.5	444664.0	407423.0
BomL63	439914.0	408839.5	442998.0	409198.5
BomL61	439827.5	408992.5	442806.0	409324.0
BomL178	440370.0	408290.0	443694.5	408595.5
BomL59	439770.5	408887.5	443053.0	409239.0
BomL56	440106.5	408591.5	443388.5	408863.5
BomL58	439507.0	409168.0	442931.5	409343.5
BomL57	440024.0	408908.5	442789.0	409228.5
BomL51	439677.5	409495.0	442463.0	409314.5
BomL90	439815.0	408867.5	443797.5	408470.0
BomL89	439916.0	408765.5	443978.5	408290.0
BomM315	440826.0	407825.0	444270.5	408028.5
BomL202	440930.5	407914.0	444365.0	407740.5
BomL112	439120.5	409385.0	442976.0	409468.5
BomL111	439446.5	409079.0	443134.0	409290.5
BomL201	440447.0	408159.0	444089.5	408254.5
BomL105	440657.0	407810.5	444068.5	408414.0
BomL74	439936.0	408572.0	443346.5	409095.5
BomL96	440402.0	408256.0	443777.5	408514.5
BomL75	439689.0	408822.5	443250.0	409188.5
BomL77	439563.0	408884.0	443320.0	409183.0
BomM314	441215.0	407595.5	444541.5	407598.0
BomL92	440066.5	408617.5	443439.0	408827.0
BomL47	439458.5	409203.0	442877.5	409411.0
BomL48	439990.5	408883.0	443381.5	408695.0
BomL168	440326.5	408088.0	444259.5	408276.0
BomL200	440895.0	407820.0	444003.5	408231.5
BomL54	439560.5	409173.5	442650.5	409565.5
BomM277	441323.5	407594.5	444310.0	407722.0
BomL101	440445.5	408099.0	444190.0	408215.5
BomL7	439556.5	409588.5	442747.0	409058.0
BomL6	439860.0	409307.5	442654.5	409128.0
BomP109	440854.5	407647.5	444306.5	408141.5
BomM276	441428.0	407380.0	444345.5	407796.5
BomM305	440920.5	407873.5	444483.5	407672.5
BomP13	439849.5	408485.5	444011.5	408603.5
BomP122	440736.5	408027.0	444462.5	407724.0
BomP158	440757.0	408167.5	443906.5	408119.0
BomP121	441076.5	407665.5	444437.5	407770.5
BomP120	440757.5	408078.5	444211.5	407902.5
BomP112	440670.5	408136.5	444553.0	407590.0
BomP170	441264.0	407564.5	444439.5	407682.0
BomP149	440952.0	407854.0	444087.0	408057.0
BomP113	440867.5	407665.0	444190.5	408227.0
BomP163	440915.5	407973.5	443979.0	408082.0
BomP157	440110.5	408756.0	442943.0	409140.5
BomP171	440777.0	407980.0	444090.0	408103.0
BomP110	440739.5	408138.5	444406.0	407666.0
BomP108	441164.0	407627.0	443907.0	408252.0
BomP107	441021.5	407741.5	444044.0	408143.0
BomP168	441048.5	407850.5	444376.5	407674.5
BomP148	440869.0	408068.0	443976.0	408037.0
BomP153	440810.0	408226.0	444032.5	407881.5
BomP111	440621.5	408118.5	444221.5	407988.5
BomP150	440780.5	408143.0	444176.0	407850.5
BomP114	441072.5	407905.0	443935.5	408037.0
BomP161	440994.0	408128.5	444069.0	407758.5
BomP156	440599.5	408224.0	444219.5	407907.0
BomP192	441017.0	407890.5	444430.5	407612.0
BomP194	440972.0	407921.0	444407.0	407650.0
BomP187	440973.0	407813.0	444502.0	407662.0
BomP179	440759.5	407972.5	444252.5	407965.5
BomP77	441160.0	407381.5	444248.0	408160.5
BomP57	441288.5	407508.5	444197.5	407955.5
BomP51	441310.5	407561.0	444211.5	407867.0
BomP63	441229.5	407455.5	444188.0	408077.0
BomP40	441073.5	407536.5	444446.0	407894.0
BomP39	441090.5	407411.5	444399.0	408049.0
BomP60	441184.0	407633.5	444055.0	408077.5
BomP186	441096.0	407691.0	444488.5	407674.5
BomP72	440938.5	407599.5	444336.0	408076.0
BomP59	441332.5	407507.5	444042.5	408067.5
BomP62	441249.5	407319.5	444418.0	407963.0
BomP56	441189.0	407351.5	444158.5	408251.0
BomP55	441208.5	407365.5	444338.0	408038.0
BomP76	441221.0	407341.5	444307.0	408080.5
BomP53	441249.5	407718.0	444183.0	407799.5
BomP125	441036.5	408024.5	444117.5	407771.5
BomP69	441247.5	407155.5	444664.5	407882.5
BomP68	441346.0	407136.0	444269.0	408199.0
BomP37	440913.5	407817.5	444022.5	408196.5
BomP50	441465.0	407344.5	444299.5	407841.0
BomP49	441370.5	407550.5	444263.5	407765.5
BomP25	441085.0	407684.0	444575.0	407606.0
BomP58	441135.0	407520.5	444484.5	407810.0
BomP74	441026.0	407562.5	444242.5	408119.0
BomP73	441238.5	407381.0	444209.0	408121.5
BomP87	441249.5	407362.0	444116.5	408222.0
BomP167	440908.5	407821.0	444246.5	407974.0
BomP175	440819.5	408048.0	444252.5	407830.0
BomP46	441423.0	407300.5	444497.5	407729.0
BomP27	441120.0	407739.0	443995.5	408095.5
BomP48	440979.5	407624.5	444213.0	408133.0
BomP47	440687.0	407953.0	444270.0	408040.0
BomP20	441270.5	407465.0	444303.0	407911.5
BomP155	440977.5	407790.5	444264.0	407918.0
BomP22	441389.0	407537.0	444195.0	407829.0
BomP64	441217.5	407424.0	444158.0	408150.5
BomP188	441335.0	407767.0	444487.0	407361.0
BomP21	441240.0	407541.0	444313.5	407855.5
BomP26	441195.0	407630.5	444340.0	407784.5
BomP33	441432.5	407552.5	444215.5	407749.5
BomP35	441091.5	407888.5	444084.0	407886.0
BomP34	441175.5	407802.0	444079.5	407893.0
BomP44	441128.0	407475.0	444674.5	407672.5
BomP52	440905.0	407679.0	444518.5	407847.5
BomP41	441236.0	407258.5	444619.0	407836.5
BomP193	441035.0	407967.5	444344.5	407603.0
BomP183	440950.5	408002.5	444263.0	407734.0
BomP178	440912.5	407859.0	444285.0	407893.5
BomP181	440880.5	407924.0	444503.5	407642.0
BomP99	440864.0	407736.5	444025.5	408324.0
BomP123	440921.5	407858.5	444619.0	407551.0
BomP128	440457.5	408333.5	443833.0	408326.0
BomP184	441162.0	407610.5	444324.0	407853.5
BomP191	441055.5	407907.0	444271.0	407716.5
BomP185	441043.5	407791.5	444360.5	407754.5
BomP166	440970.5	407920.0	444376.0	407683.5
BomP177	440955.5	407906.0	444465.0	407623.5
BomP176	440750.0	408276.5	444050.5	407873.0
BomP169	441157.5	407599.0	444446.0	407747.5
BomP172	440991.0	407944.5	444377.5	407637.0
BomL66	440305.5	408674.0	442630.5	409340.0
BomL207	439818.0	408685.5	443647.5	408799.0
BomW18	433560.5	415108.0	436914.5	415367.0
BomW41	433602.5	415004.0	437284.5	415059.0
BomW40	434387.0	414145.5	437749.5	414668.0
BomW2	434196.5	414343.5	437577.5	414832.5
BomW20	433655.5	414781.5	437234.5	415278.5
BomW5	434031.5	414732.5	437149.5	415036.5
BomW4	434120.0	414483.5	437667.0	414679.5
BomW30	434131.5	414446.0	437467.5	414905.0
BomW15	434077.5	414557.5	437257.0	415058.0
BomW3	433853.0	414571.0	437157.5	415368.5
BomW35	434094.5	414592.0	437536.0	414727.5
BomW34	433906.0	414887.5	437710.5	414446.0
BomW49	433766.5	415262.5	436409.0	415512.0
BomW51	433364.0	415333.5	436528.5	415724.0
BomW9	431999.5	416514.5	435117.0	417319.0
BomW38	433671.0	415193.5	436878.5	415207.0
BomW39	434056.0	414178.0	437398.5	415317.5
BomW43	433830.5	414971.5	436696.5	415451.5
BomW17	434026.0	414306.5	438025.5	414592.0
BomW25	433409.0	415253.0	436756.0	415532.0
BomW24	432833.5	415664.5	436461.5	415990.5
BomW23	432887.0	415694.0	436378.0	415991.0
BomW14	431779.0	416876.0	435208.0	417087.0
BomW13	431804.5	416898.5	435123.0	417124.0
BomW12	431508.0	416826.0	435047.0	417569.0
BomW11	431611.0	416957.5	434846.5	417535.0
BomW31	433744.5	414879.0	437245.5	415081.0
BomW47	433627.0	414942.5	437005.5	415375.0
BomW46	433559.5	414984.5	436886.0	415520.0
BomW33	433817.5	414777.5	437601.5	414753.5
BomW45	433621.0	415194.0	436534.5	415600.5
BomW48	433549.5	414778.0	436925.0	415697.5
BomW27	433890.5	414829.0	437108.0	415122.5
BomW26	433789.0	414989.0	437124.0	415048.0
BomW10	432115.0	416780.5	434650.0	417404.5
BomW16	434332.5	414158.0	437760.5	414699.0
BomW37	433999.5	414526.5	437616.0	414808.0
BomW29	434188.5	414200.0	437607.0	414954.5
BomW44	433205.5	415330.0	437180.0	415234.5
BomW36	433927.5	414457.0	437630.5	414935.0
BomW22	433226.5	415233.5	436744.0	415746.0
BomW19	433621.5	414802.5	437336.5	415189.5
BomW50	433378.0	415254.5	437052.0	415265.5
BomW42	433848.5	414769.5	436897.0	415435.0
BomW32	433740.5	414994.5	436833.5	415381.5
BomW28	433764.5	414627.0	437529.0	415029.5
BomW21	432598.5	415870.0	436306.5	416175.0
BomW8	431010.0	417654.5	434632.0	417653.5
BomW7	431507.0	417489.5	434376.5	417577.0
BomW1	436457.5	411818.0	440084.0	412590.5
BomW6	434104.0	414458.0	437662.0	414726.0
