	A	G	T	C
BomM304	748184.0	804868.5	750865.5	804176.0
BomM289	748327.0	804886.0	750680.5	804200.5
BomM288	748375.0	804764.0	750676.5	804278.5
BomM301	748408.0	804752.5	750678.5	804255.0
BomM300	748426.0	804682.5	750855.5	804130.0
BomM322	748254.5	804968.0	750707.5	804164.0
BomM321	748264.0	804885.5	750728.0	804216.5
BomM318	748278.0	804908.5	750751.0	804156.5
BomM317	748504.0	804704.0	750800.5	804085.5
BomM634	748026.5	804814.5	750789.0	804464.0
BomM253	748444.0	804656.0	750841.5	804152.5
BomM259	748516.0	804504.0	750832.0	804242.0
BomM258	748460.0	804574.0	750805.5	804254.5
BomP133	747739.0	805206.0	750612.0	804537.0
BomP132	747752.0	805253.5	750540.5	804548.0
BomP14	747849.0	804804.5	750764.5	804676.0
BomP17	748612.0	804458.0	750827.0	804197.0
BomM255	748467.0	804551.0	750915.5	804160.5
BomM254	748236.0	804866.5	750753.0	804238.5
BomM635	748135.0	804677.0	751048.0	804234.0
BomM636	748204.0	804769.0	750796.5	804324.5
BomM252	748410.5	804711.0	750789.5	804183.0
BomP65	748382.5	804509.5	750941.0	804261.0
BomP19	748003.5	804681.0	751140.5	804269.0
BomP94	748470.5	804371.0	750975.0	804277.5
BomP162	748006.5	805077.0	750778.0	804232.5
BomP45	748356.0	804474.0	750998.5	804265.5
BomP160	748068.0	805047.0	750690.5	804288.5
BomP159	748068.5	805053.5	750706.5	804265.5
BomM639	748018.5	804900.5	750575.0	804600.0
BomP98	747809.0	805013.0	750526.5	804745.5
BomP38	748031.0	804692.5	750838.0	804532.5
BomL194	748128.5	804740.5	750736.0	804489.0
BomP32	748082.5	804889.0	750611.0	804511.5
BomP95	748104.0	804596.0	750937.5	804456.5
BomP106	748193.0	804615.0	750703.5	804582.5
BomP165	747976.5	805126.0	750624.5	804367.0
BomP164	747875.0	805142.0	750639.5	804437.5
BomP174	748062.5	804967.0	750623.5	804441.0
BomP28	748094.0	804705.0	750780.0	804515.0
BomP24	748298.0	804566.0	750917.0	804313.0
BomP23	748258.0	804644.0	750862.5	804329.5
BomP61	748397.0	804391.5	751036.0	804269.5
BomM582	748333.5	804493.5	750998.5	804268.5
BomL193	748200.5	804944.0	750746.0	804203.5
BomP43	748367.0	804587.5	750808.5	804331.0
BomP42	748286.0	804648.0	750797.5	804362.5
BomP79	748402.0	804490.0	750884.0	804318.0
BomL214	748431.0	804377.0	751094.5	804191.5
BomP71	748365.0	804418.0	751002.0	804309.0
BomM589	748351.0	804327.0	751013.0	804403.0
BomL38	748581.0	804508.0	750865.0	804140.0
BomL114	747963.5	804839.0	750861.0	804430.5
BomP100	748424.5	804603.0	750828.0	804238.5
BomM581	748248.5	804508.5	751073.5	804263.5
BomM393	748815.0	804355.5	750640.5	804283.0
BomM485	748314.5	804429.5	751111.5	804238.5
BomM484	748326.5	804410.0	751151.5	804206.0
BomM525	748353.0	804791.5	750803.5	804146.0
BomL197	748263.0	804800.5	750795.5	804235.0
BomM606	748572.5	804404.0	750729.5	804388.0
BomM605	748632.5	804384.5	750728.0	804349.0
BomL170	748418.0	804575.0	750930.0	804171.0
BomM387	748327.0	804663.0	750664.5	804439.5
BomL41	748452.0	804483.5	751008.0	804150.5
BomL37	748590.0	804441.0	750995.5	804067.5
BomM10	748603.5	804542.0	750964.5	803984.0
BomM440	748159.5	804709.5	750933.5	804291.5
BomM442	748134.0	804902.0	751012.0	804046.0
BomL122	747668.5	804903.5	750924.5	804597.5
BomM380	748697.5	804330.5	750815.0	804251.0
BomM67	748759.0	804222.0	751059.0	804054.0
BomM441	748098.0	804915.0	751066.0	804015.0
BomM7	748596.5	804419.5	750787.5	804290.5
BomL40	748410.0	804567.5	751130.5	803986.0
BomM98	748075.5	804738.5	750900.0	804380.0
BomL67	748660.0	804385.0	750633.5	804415.5
BomL32	748636.5	804320.5	750881.0	804256.0
BomL31	748764.5	804311.0	750642.0	804376.5
BomM90	748204.0	804671.0	750764.5	804454.5
BomM89	747953.0	804844.5	750640.5	804656.0
BomM63	748038.0	804966.0	750540.0	804550.0
BomM544	747668.5	804816.0	750812.0	804797.5
BomM92	747962.0	805052.5	750495.5	804584.0
BomM97	748044.5	804776.5	750707.5	804565.5
BomL150	747366.0	805493.5	750124.5	805110.0
BomL69	748355.5	804523.0	750763.5	804452.0
BomM621	748474.0	804869.5	750706.5	804044.0
BomM3	747905.0	804721.5	751089.5	804378.0
BomM5	748431.5	804622.5	750647.5	804392.5
BomL34	748467.0	804679.0	750514.0	804434.0
BomL24	748533.0	804343.5	751084.0	804133.5
BomL30	748548.5	804313.0	750881.0	804351.5
BomL68	748378.0	804582.0	750858.5	804275.5
BomM109	747751.0	804628.5	751074.5	804640.0
BomL84	748428.0	804468.0	750965.5	804232.5
BomP97	747825.0	805033.5	750613.0	804622.5
BomM633	748163.5	804592.0	750786.0	804552.5
BomM251	748204.0	804809.5	750841.0	804239.5
BomM250	748248.5	804760.0	750811.5	804274.0
BomM247	748472.0	804475.5	750905.0	804241.5
BomM246	748504.5	804480.5	750929.5	804179.5
BomL172	748412.5	804768.5	750651.0	804262.0
BomM244	748421.5	804704.5	750807.5	804160.5
BomM243	748528.5	804602.5	750956.0	804007.0
BomP117	748011.5	804876.0	750830.0	804376.5
BomM580	748459.0	804288.0	751094.5	804252.5
BomM403	748441.5	804469.0	751055.0	804128.5
BomM543	747676.5	804803.5	750823.5	804790.5
BomM620	748029.0	805088.0	750612.0	804365.0
BomP36	748200.5	804543.5	751084.0	804266.0
BomP206	748151.0	804485.0	751170.5	804287.5
BomM245	748362.5	804667.5	750779.5	804284.5
BomM26	748656.5	804190.0	751139.0	804108.5
BomP101	747984.5	804946.0	750648.5	804515.0
BomP70	748387.0	804422.5	751019.0	804265.5
BomP75	748507.5	804326.0	750869.0	804391.5
BomP67	748375.5	804380.0	750999.0	804339.5
BomP78	748523.5	804356.5	750954.5	804259.5
BomM579	748482.5	804218.5	751231.0	804162.0
BomP190	748018.5	805031.0	750682.0	804362.5
BomM249	748196.5	804731.5	750806.5	804359.5
BomM248	748229.0	804766.5	750791.5	804307.0
BomM597	748201.5	804897.5	750774.0	804221.0
BomL171	748412.0	804631.0	750813.5	804237.5
BomP115	748069.5	804948.5	750640.5	804435.5
BomP189	747916.5	805091.5	750688.5	804397.5
BomP182	748040.5	804958.0	750789.0	804306.5
BomP180	748150.5	804942.0	750707.5	804294.0
BomM257	748518.5	804547.5	750873.5	804154.5
BomM638	748125.0	804927.5	750463.5	804578.0
BomM256	748513.5	804546.0	750821.0	804213.5
BomL213	748190.5	804726.5	751267.0	803910.0
BomP131	747817.0	805034.5	750581.0	804661.5
BomP130	747868.0	805002.0	750537.0	804687.0
BomM586	748282.0	804349.0	750988.0	804475.0
BomM626	748033.5	805019.0	750664.0	804377.5
BomM275	748376.0	804890.0	750724.0	804104.0
BomM274	748430.5	804882.0	750687.0	804094.5
BomP126	747949.0	805110.0	750763.5	804271.5
BomM392	748800.0	804358.0	750660.5	804275.5
BomM132	748237.5	804702.0	750953.0	804201.5
BomL162	748394.0	804626.5	750876.5	804197.0
BomM125	748261.0	804702.0	750552.5	804578.5
BomL91	748175.0	804553.0	750827.0	804539.0
BomM199	747789.0	804944.0	750956.0	804405.0
BomL86	748417.0	804390.5	751085.5	804201.0
BomM433	748255.0	804580.0	750830.5	804428.5
BomM61	747944.0	804944.0	750720.0	804486.0
BomM261	748009.5	804825.5	750764.0	804495.0
BomL83	748027.0	804431.0	751215.5	804420.5
BomM593	748336.5	804794.5	750782.0	804181.0
BomL102	748099.5	804728.0	750715.0	804551.5
BomL166	748521.0	804432.0	751139.5	804001.5
BomM397	748477.5	804528.5	750859.0	804229.0
BomL71	748382.0	804519.5	750851.0	804341.5
BomM361	748085.5	804423.0	750957.5	804628.0
BomL88	748268.5	804406.5	751295.5	804123.5
BomM57	747948.0	804880.5	750483.0	804782.5
BomM504	748284.0	804550.5	750673.5	804586.0
BomL94	748102.5	804804.5	751194.0	803993.0
BomM83	747788.5	805040.0	750906.0	804359.5
BomM295	748339.0	804776.0	750812.5	804166.5
BomM182	748070.0	804617.0	751025.0	804382.0
BomM368	748264.5	804648.0	750971.5	804210.0
BomM238	748549.5	804394.5	750662.5	804487.5
BomM237	748564.5	804405.0	750667.0	804457.5
BomM236	748514.0	804552.0	750705.0	804323.0
BomM235	748524.0	804581.5	750659.5	804329.0
BomP196	747759.5	805183.0	750644.0	804507.5
BomL159	747388.5	805482.0	750093.5	805130.0
BomP201	748279.5	804518.0	751096.0	804200.5
BomL82	748009.5	804620.0	751159.5	804305.0
BomM91	747740.0	804950.5	750608.5	804795.0
BomM131	747984.5	805127.5	750557.5	804424.5
BomM138	747955.0	805070.0	750293.5	804775.5
BomM215	748014.0	804548.5	750770.5	804761.0
BomM214	748055.5	804547.5	750726.5	804764.5
BomM164	747539.5	805452.5	750171.0	804931.0
BomM160	747870.5	804934.5	750625.5	804663.5
BomM99	747806.0	804720.5	750856.0	804711.5
BomM117	747783.5	805046.5	750671.0	804593.0
BomL97	747931.5	804820.0	750697.5	804645.0
BomM294	748105.5	805025.0	750781.5	804182.0
BomM207	748307.0	804606.0	751021.5	804159.5
BomM108	747617.5	804977.5	751012.0	804487.0
BomM50	747707.0	805085.0	750980.0	804322.0
BomM139	748281.0	804558.5	750900.5	804354.0
BomM590	748184.0	804586.0	750718.5	804605.5
BomM151	747577.0	805387.5	750329.0	804800.5
BomL81	748367.0	804603.5	750680.5	804443.0
BomM58	747879.0	804772.0	750817.0	804626.0
BomM104	747860.5	804782.5	751023.5	804427.5
BomL165	747913.5	804776.5	751102.0	804302.0
BomM188	748372.0	804727.5	750697.0	804297.5
BomM212	748138.5	804662.0	750761.0	804532.5
BomM348	748187.0	804517.0	751106.5	804283.5
BomL80	748595.5	804310.0	750781.0	804407.5
BomM220	747714.0	804944.5	750851.5	804584.0
BomL160	748393.0	804514.5	751231.5	803955.0
BomM77	748316.5	804326.0	751460.0	803991.5
BomM632	748070.5	804548.5	750887.5	804587.5
BomM202	748060.5	804605.5	751276.5	804151.5
BomM142	747632.0	805216.5	750360.5	804885.0
BomM316	748169.0	804934.0	750696.0	804295.0
BomL73	748227.5	804819.5	751047.0	804000.0
BomM155	748014.5	804961.0	750578.5	804540.0
BomM219	748415.0	804377.0	750941.0	804361.0
BomM141	747851.5	805282.0	750228.5	804732.0
BomM65	748776.0	804229.5	751022.0	804066.5
BomM66	748756.0	804235.5	751025.5	804077.0
BomM346	748267.0	804668.5	750870.0	804288.5
BomM501	748593.5	804335.0	751308.0	803857.5
BomM370	748314.5	804639.0	750999.0	804141.5
BomM369	748268.0	804700.0	750899.5	804226.5
BomM419	748246.0	804619.5	750998.5	804230.0
BomM218	747918.0	804682.5	750847.5	804646.0
BomL161	748395.0	804589.0	750767.0	804343.0
BomM522	748302.0	804595.0	750978.0	804219.0
BomM521	748269.5	804631.0	750952.5	804241.0
BomM447	748399.5	804447.0	751144.0	804103.5
BomM607	748329.0	804514.5	750972.0	804278.5
BomM73	747799.0	804847.5	751074.5	804373.0
BomM451	748439.0	804577.5	750845.0	804232.5
BomM336	748168.0	804795.0	750829.5	804301.5
BomM379	748254.0	804749.0	750525.5	804565.5
BomM452	748267.0	804539.5	751076.0	804211.5
BomM48	747946.5	804997.0	750799.0	804351.5
BomM35	748182.5	804733.5	750867.5	804310.5
BomM34	748199.0	804683.0	750866.0	804346.0
BomM601	748274.0	804783.5	750626.5	804410.0
BomM490	748287.5	804678.5	750698.0	804430.0
BomM489	748274.5	804700.5	750734.5	804384.5
BomM153	748539.0	804563.0	750727.5	804264.5
BomM439	748375.0	804593.5	750810.5	804315.0
BomM114	747854.5	804966.0	750820.0	804453.5
BomL93	748413.0	804503.0	750836.5	804341.5
BomL199	748130.0	804214.0	751366.0	804384.0
BomM106	747803.0	804626.5	751074.0	804590.5
BomM342	748538.0	804429.5	751150.0	803976.5
BomM85	747842.5	804742.5	750963.5	804545.5
BomM103	747935.5	804879.0	750613.0	804666.5
BomM498	748049.0	805019.0	750769.5	804256.5
BomL29	748444.5	804389.5	751453.5	803806.5
BomM1	747927.0	804890.0	750791.0	804486.0
BomM292	748358.5	804879.5	750792.5	804063.5
BomL39	748705.5	804191.5	750900.5	804296.5
BomM234	748044.0	804806.0	750606.0	804638.0
BomM233	747999.0	804795.0	750700.5	804599.5
BomM133	747802.5	805020.5	750511.5	804759.5
BomM76	748405.0	804497.5	751361.5	803830.0
BomL72	748270.0	804769.0	750761.5	804293.5
BomM570	747999.5	805003.5	750760.0	804331.0
BomM471	748291.0	804392.0	751286.0	804125.0
BomM194	748298.0	804664.5	750671.0	804460.5
BomM30	748081.5	804627.5	750945.5	804439.5
BomM436	748400.0	804675.5	750855.5	804163.0
BomL106	748040.0	804843.5	750779.5	804431.0
BomL87	748309.5	804165.0	751310.5	804309.0
BomM414	748215.5	804757.0	750801.0	804320.5
BomM616	748061.0	804678.0	750864.0	804491.0
BomM28	748432.5	804397.0	751116.5	804148.0
BomM542	747667.5	804816.5	750833.5	804776.5
BomM364	748253.0	804492.0	751366.0	803983.0
BomM423	748230.5	804620.5	750739.0	804504.0
BomM422	748146.5	804637.5	750805.5	804504.5
BomM329	748207.5	804905.0	750904.5	804077.0
BomM128	747787.5	804838.5	750688.5	804779.5
BomM126	748091.0	804460.5	751259.0	804283.5
BomM340	748080.0	804887.5	750851.5	804275.0
BomM467	748530.0	804443.0	751053.0	804068.0
BomM587	748517.0	804266.0	750955.0	804356.0
BomM335	748358.5	804575.5	751111.0	804049.0
BomM27	748417.0	804399.0	751120.0	804158.0
BomM107	747894.0	804773.0	750992.5	804434.5
BomM352	748263.0	804499.5	751124.0	804207.5
BomM469	748624.0	804565.5	750712.0	804192.5
BomM391	748800.0	804291.0	750646.0	804357.0
BomM69	748173.0	804722.0	750721.0	804478.0
BomM372	748534.5	804753.0	750709.5	804097.0
BomM431	748470.5	804518.0	750939.0	804166.5
BomM102	747845.0	805141.5	750418.5	804689.0
BomM165	747538.0	805217.5	750387.5	804951.0
BomM449	748276.5	804606.0	751178.0	804033.5
BomM533	747949.5	804924.5	750799.0	804421.0
BomM328	748332.0	804757.5	750813.5	804191.0
BomM359	748026.5	804728.0	751163.5	804176.0
BomM365	748166.5	804708.0	750757.5	804462.0
BomM242	748431.0	804586.5	750712.5	804364.0
BomM192	748711.5	804348.0	750870.5	804164.0
BomM116	747877.5	805019.5	750979.0	804218.0
BomM241	748497.0	804505.5	750762.0	804329.5
BomM337	748349.5	804607.5	750808.0	804329.0
BomM222	748370.5	804780.5	750752.0	804191.0
BomM627	748294.5	804639.0	750837.5	804323.0
BomM596	748118.0	804868.0	750569.5	804538.5
BomM191	748684.0	804335.5	750911.0	804163.5
BomM344	748561.0	804489.0	750816.5	804227.5
BomM591	748138.0	804801.5	751242.0	803912.5
BomM430	748285.5	804485.0	751223.0	804100.5
BomM115	747967.5	804869.5	750879.0	804378.0
BomM363	748547.0	804314.5	751007.0	804225.5
BomM358	748178.5	804638.5	750795.5	804481.5
BomM163	748063.0	805007.5	750742.5	804281.0
BomM614	748231.0	804659.5	750747.5	804456.0
BomM500	748028.0	804919.0	750765.5	804381.5
BomM293	748299.0	804889.0	750786.5	804119.5
BomM224	748411.0	804690.0	750766.0	804227.0
BomM578	748407.0	804514.5	750981.5	804191.0
BomP204	748118.0	804667.5	750817.0	804491.5
BomM491	748269.5	804601.0	750753.5	804470.0
BomM374	747865.0	804651.5	750864.0	804713.5
BomM360	748239.0	804522.0	751020.5	804312.5
BomM80	748053.5	804769.0	751187.5	804084.0
BomM146	748105.5	804882.0	750528.0	804578.5
BomL70	748541.0	804324.5	750873.5	804355.0
BomM637	748371.5	804406.0	750954.5	804362.0
BomM88	747946.5	805026.5	750597.0	804524.0
BomM613	748518.5	804699.5	750384.5	804491.5
BomM362	748650.5	804340.5	750931.0	804172.0
BomM416	748255.0	804586.0	750867.0	804386.0
BomM94	747812.5	804922.5	750584.5	804774.5
BomM8	748247.0	804769.5	750795.5	804282.0
BomM4	748553.5	804426.5	750784.5	804329.5
BomM213	747924.5	804797.0	751019.5	804353.0
BomP200	748251.0	804719.5	750944.5	804179.0
BomM398	748943.5	804022.5	751081.0	804047.0
BomM323	748228.0	804786.0	750805.5	804274.5
BomM49	747879.5	804929.5	750830.0	804455.0
BomL76	748009.0	804629.0	750996.5	804459.5
BomM93	748019.0	804764.0	750757.0	804554.0
BomM62	747828.0	805164.5	750499.5	804602.0
BomM478	748338.5	804541.5	751086.5	804127.5
BomM154	748314.5	804777.5	750613.0	804389.0
BomM140	748214.5	804814.5	750666.5	804398.5
BomL78	748110.0	804815.0	750737.0	804432.0
BomM22	747897.5	805158.0	750195.0	804843.5
BomM448	748237.5	804524.5	751218.0	804114.0
BomM211	748444.0	804537.0	750840.0	804273.0
BomM450	748206.0	804569.5	750924.0	804394.5
BomM481	748388.5	804387.0	751289.5	804029.0
BomM511	748629.5	804341.0	750691.5	804432.0
BomM367	748512.0	804542.0	750762.5	804277.5
BomM366	748320.0	804624.5	750782.5	804367.0
BomM477	748388.0	804470.0	751035.0	804201.0
BomM476	748421.5	804443.0	750959.0	804270.5
BomM493	748415.5	804329.0	751163.0	804186.5
BomM330	748381.0	804788.5	750743.5	804181.0
BomM456	748474.0	804365.0	751016.5	804238.5
BomM455	748472.0	804386.0	750962.0	804274.0
BomM371	748415.5	804570.5	751055.5	804052.5
BomM135	747762.5	805066.5	750466.5	804798.5
BomM134	747756.0	805085.0	750446.5	804806.5
BomM37	747938.0	804896.5	750874.0	804385.5
BomM454	748670.0	804322.0	750853.5	804248.5
BomM599	748355.5	804811.5	750794.5	804132.5
BomM630	748293.5	804675.0	750864.0	804261.5
BomM512	748428.5	804457.0	750945.0	804263.5
BomM495	748310.5	804407.5	750964.0	804412.0
BomM514	748342.5	804544.5	750935.5	804271.5
BomM402	748468.0	804704.5	750586.0	804335.5
BomM33	748045.0	804748.5	750668.0	804632.5
BomM611	747909.5	805054.5	750639.0	804491.0
BomM401	748466.5	804701.0	750571.5	804355.0
BomM130	748010.5	805005.5	750574.0	804504.0
BomM458	748420.0	804275.0	751041.5	804357.5
BomM463	747955.5	804564.0	751279.5	804295.0
BomM290	748339.5	804777.0	750800.5	804177.0
BomM462	748028.5	804553.0	751237.5	804275.0
BomM411	748565.0	804432.0	750782.5	804314.5
BomL164	748385.0	804420.0	751148.5	804140.5
BomM410	748507.0	804410.0	750888.0	804289.0
BomM473	748209.0	804429.5	751110.0	804345.5
BomM70	747871.5	804595.0	750720.0	804907.5
BomM64	748249.0	804699.5	750898.5	804247.0
BomM600	748374.0	804717.5	750608.5	804394.0
BomL169	748645.5	804624.0	750880.0	803944.5
BomM499	747976.0	804948.0	750828.5	804341.5
BomM539	747809.5	805081.5	750579.5	804623.5
BomM538	747828.0	805005.5	750704.0	804556.5
BomM385	748400.5	804625.5	750796.5	804271.5
BomM437	748446.0	804552.0	750767.5	804328.5
BomM438	748412.5	804575.0	750790.5	804316.0
BomM536	748230.5	804606.5	750880.0	804377.0
BomM42	747938.0	805149.5	750531.5	804475.0
BomM424	748629.0	804366.5	751113.0	803985.5
BomM520	748319.5	804574.5	750965.0	804235.0
BomM278	748432.0	804757.5	750691.5	804213.0
BomM56	748062.5	804895.5	750487.5	804648.5
BomM629	748015.0	804886.0	750849.0	804344.0
BomM628	747976.5	804973.5	750774.0	804370.0
BomM519	748268.5	804620.5	750975.5	804229.5
BomM466	748322.5	804481.5	751087.0	804203.0
BomM186	748131.5	804778.0	750682.5	804502.0
BomM351	748190.0	804658.0	751029.0	804217.0
BomM386	748603.5	804528.5	750700.5	804261.5
BomM554	748588.5	804403.0	751057.0	804045.5
BomM509	748188.0	804868.0	750497.0	804541.0
BomL104	748372.5	804259.0	751103.5	804359.0
BomM576	748405.5	804574.5	750904.5	804209.5
BomM575	748449.0	804661.5	750873.0	804110.5
BomM513	748168.5	804721.0	750934.5	804270.0
BomM9	748630.5	804195.0	751117.0	804151.5
BomM32	748150.5	804605.5	751025.5	804312.5
BomM421	748410.5	804522.0	750804.5	804357.0
BomM445	747967.5	804910.5	750641.5	804574.5
BomM615	747792.0	804806.0	750654.5	804841.5
BomM407	748293.5	804642.0	750959.5	804199.0
BomM406	748327.5	804606.0	751010.0	804150.5
BomM510	748281.5	804695.5	750692.5	804424.5
BomM405	748500.5	804461.5	751077.0	804055.0
BomM404	748532.5	804521.5	751044.5	803995.5
BomM537	747987.5	804852.5	750730.0	804524.0
BomM460	748058.0	804565.0	751397.5	804073.5
BomM459	747848.5	804661.0	751486.0	804098.5
BomM409	748616.5	804308.0	750802.0	804367.5
BomM598	748345.0	804781.0	750730.5	804237.5
BomM184	748085.0	804670.5	751004.5	804334.0
BomP15	747801.5	804805.0	750783.5	804704.0
BomM435	748171.5	804581.0	750967.0	804374.5
BomM434	748102.5	804609.0	750925.0	804457.5
BomM566	748538.5	804468.5	750745.0	804342.0
BomM625	748157.0	804688.0	750931.5	804317.5
BomM334	748231.5	804562.5	750754.5	804545.5
BomM122	747844.0	805111.0	750523.0	804616.0
BomL196	748202.0	804727.5	750622.5	804542.0
BomL195	748189.5	804733.0	750666.5	804505.0
BomM468	748417.5	804530.0	750876.0	804270.5
BomM291	748479.5	804692.0	750922.0	804000.5
BomM44	747663.0	805144.5	751144.5	804142.0
BomM497	748268.0	804567.5	751202.5	804056.0
BomM333	748289.5	804593.0	750512.0	804699.5
BomM418	748325.0	804529.0	751052.0	804188.0
BomM508	748469.5	804638.5	750637.0	804349.0
BomM408	748335.0	804709.0	750771.0	804279.0
BomM483	748245.5	804513.0	751099.5	804236.0
BomM72	747783.0	804814.0	750725.5	804771.5
BomM494	748345.5	804403.5	750985.0	804360.0
BomL212	748362.5	804588.5	750896.5	804246.5
BomM25	748683.0	804172.0	751159.5	804079.5
BomM517	748290.5	804688.5	750860.0	804255.0
BomM496	748317.5	804664.5	750467.5	804644.5
BomM531	748443.5	804565.5	750670.0	804415.0
BomM535	748058.5	804763.0	750897.0	804375.5
BomM584	748343.5	804381.5	751060.0	804309.0
BomM198	748187.5	804757.0	750885.5	804264.0
BomM36	748421.0	804884.0	750774.5	804014.5
BomM373	748215.5	804211.5	751069.0	804598.0
BomM592	748698.5	804474.5	750820.5	804100.5
BomM279	748417.0	804717.0	750777.5	804182.5
BomM113	747823.5	804633.0	750891.0	804746.5
BomM47	748085.0	804865.0	750827.5	804316.5
BomM75	748031.5	804737.5	751177.0	804148.0
BomM46	747770.5	805023.5	750939.5	804360.5
BomM136	747734.5	805106.0	750563.0	804690.5
BomM341	748207.0	804811.5	750761.0	804314.5
BomM201	748272.5	804897.0	750528.0	804396.5
BomM413	748174.0	804780.5	750907.0	804232.5
BomM595	747790.5	805095.5	750802.5	804405.5
BomM54	748024.0	804873.0	750644.5	804552.5
BomM273	748411.5	804866.0	750751.5	804065.0
BomM603	748455.0	804547.0	750769.5	804322.5
BomM79	748078.5	804772.5	751151.5	804091.5
BomM585	748343.0	804506.5	750790.0	804454.5
BomM503	748465.0	804557.0	750665.5	804406.5
BomM502	748563.5	804401.0	750823.5	804306.0
BomM190	748472.0	804598.5	750846.0	804177.5
BomM137	748623.5	804504.0	750957.5	804009.0
BomM43	747634.0	805140.5	751012.0	804307.5
BomM74	747764.5	804929.0	750773.5	804627.0
BomM400	748431.5	804597.5	750938.5	804126.5
BomM272	748502.0	804769.5	750762.5	804060.0
BomM112	747922.5	804805.0	751107.0	804259.5
BomM87	748019.0	804710.5	750867.0	804497.5
BomM95	747963.5	804883.0	750618.0	804629.5
BomM2	747953.0	804635.5	751154.0	804351.5
BomM121	747666.0	804970.5	750684.0	804773.5
BomM119	747566.5	805103.5	750598.0	804826.0
BomM345	748413.5	804557.5	750931.0	804192.0
BomM81	748042.0	804971.0	750710.5	804370.5
BomM145	748395.5	804390.5	750792.5	804515.5
BomM523	748297.0	804671.5	750984.0	804141.5
BomM269	748430.0	804899.0	750775.5	803989.5
BomM60	747721.0	804889.0	750815.5	804668.5
BomM443	748457.5	804525.0	750951.0	804160.5
BomM189	748513.5	804578.5	750737.0	804265.0
BomM101	748072.5	804641.5	751008.0	804372.0
BomM412	747824.5	804858.0	750910.5	804501.0
BomM540	748332.5	804630.0	750968.5	804163.0
BomM429	748316.5	804476.5	751159.5	804141.5
BomM347	748378.0	804531.5	750903.5	804281.0
BomM111	747849.5	804922.5	750663.5	804658.5
BomM428	748308.5	804619.5	750897.0	804269.0
BomM268	748559.0	804672.0	750725.5	804137.5
BomM52	748205.5	804453.0	750812.0	804623.5
BomM100	747725.5	804970.5	750887.0	804511.0
BomM353	748406.0	804461.0	750849.5	804377.5
BomM152	748022.0	804911.5	750618.5	804542.0
BomM453	748256.5	804409.5	750900.5	804527.5
BomM156	747637.0	805197.0	750740.0	804520.0
BomM110	748075.0	804713.5	751058.5	804247.0
BomM55	747729.5	805037.0	750921.5	804406.0
BomM181	748225.0	804805.0	750646.0	804418.0
BomM395	748094.0	804682.5	750915.5	804402.0
BomM285	748604.0	804741.0	750637.0	804112.0
BomM417	748323.0	804412.0	750832.5	804526.5
BomM546	748453.5	804568.0	751071.0	804001.5
BomM588	748717.0	804354.0	750673.0	804350.0
BomM144	747962.5	804966.0	750481.5	804684.0
BomM527	748291.5	804366.0	751024.5	804412.0
BomM208	748085.0	804800.0	750751.0	804458.0
BomM78	748112.0	804693.5	751244.0	804044.5
BomM187	748686.0	804286.5	750847.0	804274.5
BomM284	748595.0	804663.0	750847.0	803989.0
BomM384	748139.5	804646.0	751025.5	804283.0
BomM383	748100.5	804687.5	751035.5	804270.5
BomM602	748401.5	804311.0	751086.0	804295.5
BomM432	748270.0	804500.5	751137.5	804186.0
BomM427	748489.0	804343.5	751164.5	804097.0
BomL25	748352.0	804448.0	751047.0	804247.0
BomM53	747862.5	804936.0	750659.5	804636.0
BomL198	748104.5	804812.5	750783.5	804393.5
BomM124	748069.5	804585.0	750596.5	804843.0
BomM68	747819.0	804841.5	750644.0	804789.5
BomM271	748418.0	804915.0	750716.0	804045.0
BomP16	747718.0	804805.0	750797.5	804773.5
BomM488	748384.0	804619.5	750843.0	804247.5
BomM487	748398.5	804549.0	750950.0	804196.5
BomM569	748644.5	804633.5	750870.0	803946.0
BomM516	748221.0	804639.0	750868.0	804366.0
BomM376	747972.5	804807.0	750786.5	804528.0
BomM375	747994.5	804709.5	750975.5	804414.5
BomM465	748296.0	804498.5	751151.5	804148.0
BomM464	748303.0	804469.0	751219.0	804103.0
BomM475	748389.0	804433.5	750974.5	804297.0
BomM474	748404.0	804466.5	751008.5	804215.0
BomM270	748462.5	804786.0	750796.5	804049.0
BomM553	747936.0	804911.0	750921.5	804325.5
BomM444	748544.0	804309.5	751181.5	804059.0
BomM461	748129.5	804778.5	750993.5	804192.5
BomM486	748097.5	804540.5	751097.0	804359.0
BomM457	748333.0	804390.0	750917.5	804453.5
BomM568	748297.5	804564.5	750953.0	804279.0
BomM558	748390.0	804486.5	750863.0	804354.5
BomM557	748476.5	804458.0	750880.0	804279.5
BomM567	748219.5	804510.0	751146.5	804218.0
BomM71	747782.0	805010.5	750631.0	804670.5
BomM307	748297.0	804919.5	750542.5	804335.0
BomM39	748318.0	804555.5	750735.5	804485.0
BomM470	748441.5	804381.0	751080.0	804191.5
BomM574	748331.5	804680.5	750723.0	804359.0
BomL186	748380.5	804270.0	751246.5	804197.0
BomM399	748470.0	804443.5	751030.5	804150.0
BomM446	748279.0	804489.5	751298.0	804027.5
BomM530	748228.0	804697.0	750708.0	804461.0
BomM200	748401.0	804441.0	751024.0	804228.0
BomM38	748364.5	804587.5	750686.0	804456.0
BomM24	748647.5	804249.0	751033.0	804164.5
BomM306	748469.0	804757.5	750693.5	804174.0
BomM529	748276.0	804839.5	750638.5	804340.0
BomM378	748552.0	804493.5	750633.5	804415.0
BomM528	748237.0	804660.5	750904.5	804292.0
BomM260	748418.0	804773.0	750832.5	804070.5
BomM420	748755.5	804383.0	750813.0	804142.5
BomM389	748722.0	804484.5	750727.0	804160.5
BomM357	748363.5	804536.5	750708.5	804485.5
BomM573	748275.0	804867.5	750884.5	804067.0
BomM382	748248.0	804612.5	750881.5	804352.0
BomM609	748092.0	804818.5	750782.0	804401.5
BomM263	748326.5	804978.0	750620.0	804169.5
BomM604	748639.0	804434.0	750831.0	804190.0
BomM608	748027.0	804978.5	750757.5	804331.0
BomM518	748357.0	804442.0	750978.5	804316.5
BomM526	748315.5	804654.0	750791.5	804333.0
BomM482	748404.5	804411.5	751120.5	804157.5
BomM507	747830.5	804901.0	750987.0	804375.5
BomM96	748169.0	804762.0	750768.5	804394.5
BomM84	747632.5	804849.5	750957.0	804655.0
BomM120	747771.5	804992.0	750498.0	804832.5
BomM262	748287.0	804927.0	750697.0	804183.0
BomM223	748118.5	804917.5	750861.5	804196.5
BomM221	748045.5	804685.5	750977.0	804386.0
BomM86	747870.0	804641.0	750831.0	804752.0
BomP205	748065.5	804450.0	751237.5	804341.0
BomM118	747945.0	805025.0	750487.0	804637.0
BomM23	748404.0	804483.0	750936.0	804271.0
BomM15	748084.0	804839.0	750560.5	804610.5
BomM231	747965.5	805010.0	750782.0	804336.5
BomM14	748078.0	804733.5	750668.5	804614.0
BomM16	748402.5	804684.0	750786.5	804221.0
BomM267	748224.0	804984.5	750750.0	804135.5
BomM13	748044.5	804749.0	750380.5	804920.0
BomL35	748543.0	804109.0	750944.0	804498.0
BomM21	748459.5	804752.0	750647.5	804235.0
BomL149	747400.0	805494.0	750072.5	805127.5
BomL144	747387.0	805476.0	750106.5	805124.5
BomL142	747360.5	805538.0	750083.5	805112.0
BomL152	747325.0	805510.5	750148.5	805110.0
BomM524	748208.0	804845.0	750980.0	804061.0
BomM168	747383.0	805485.0	750103.0	805123.0
BomM170	747402.5	805490.0	750073.0	805128.5
BomM266	748269.5	804882.5	750761.5	804180.5
BomM232	747920.0	804724.5	750742.5	804707.0
BomM31	748077.5	804402.5	751248.0	804366.0
BomM173	747380.5	805478.5	750105.5	805129.5
BomM177	747395.5	805459.0	750098.5	805141.0
BomM623	748271.0	804635.5	750846.5	804341.0
BomM622	748073.0	804751.0	750720.5	804549.5
BomM172	747445.5	805459.0	750056.5	805133.0
BomM176	747487.0	805373.0	750274.0	804960.0
BomM169	747391.0	805481.0	750106.0	805116.0
BomM105	748064.0	804789.0	750860.5	804380.5
BomM313	748242.5	804796.0	751005.5	804050.0
BomM180	747379.0	805471.0	750100.5	805143.5
BomM175	747258.0	805531.0	750232.0	805073.0
BomM171	747405.0	805438.5	750172.5	805078.0
BomM82	747598.0	805158.0	750508.0	804830.0
BomM149	748118.0	804746.5	750691.5	804538.0
BomM148	748011.5	804849.5	750599.0	804634.0
BomL140	747390.5	805500.0	750084.0	805119.5
BomP54	748372.0	804377.5	750942.5	804402.0
BomM492	748273.5	804414.5	751013.5	804392.5
BomM196	748234.0	804518.5	751108.0	804233.5
BomM312	748248.0	804876.0	750789.0	804181.0
BomM195	748363.0	804431.0	751129.0	804171.0
BomM426	748193.5	804619.5	751043.0	804238.0
BomM425	748149.5	804629.0	751060.0	804255.5
BomL153	747387.0	805479.0	750106.0	805122.0
BomL158	747394.5	805467.5	750112.0	805120.0
BomM415	748220.5	804627.5	750848.0	804398.0
BomM532	747965.0	805044.5	750737.0	804347.5
BomL156	747391.0	805459.0	750101.5	805142.5
BomM158	747535.0	805312.0	750280.0	804967.0
BomM225	748628.5	804331.0	750790.0	804344.5
BomM325	748385.5	804877.5	750647.5	804183.5
BomP96	748006.5	804861.0	750705.5	804521.0
BomM209	748286.5	804877.0	750618.5	804312.0
BomM229	748064.5	804572.0	750978.5	804479.0
BomM18	748585.0	804499.0	751015.0	803995.0
BomM19	748435.0	804601.0	750999.5	804058.5
BomM205	748083.5	804858.5	750838.0	804314.0
BomM541	748060.5	804694.0	750937.0	804402.5
BomM11	748376.5	804602.5	750581.0	804534.0
BomM193	748063.0	804893.0	750737.0	804401.0
BomM162	747420.5	805468.5	750100.5	805104.5
BomM324	748346.5	804803.5	750712.5	804231.5
BomL3	748205.5	804768.5	750944.0	804176.0
BomL2	748376.5	804719.5	750910.5	804087.5
BomM227	747973.0	804925.5	750595.0	804600.5
BomM51	747844.0	804871.5	750627.5	804751.0
BomL139	747372.0	805538.0	750063.5	805120.5
BomL141	747372.5	805448.5	750202.0	805071.0
BomL155	747354.0	805482.5	750150.5	805107.0
BomM339	748100.5	804525.0	751040.5	804428.0
BomL146	747386.0	805482.0	750098.0	805128.0
BomL148	747392.5	805452.0	750104.5	805145.0
BomM265	748474.0	804760.5	750815.5	804044.0
BomM217	748447.5	804396.5	750816.0	804434.0
BomL143	747388.0	805465.0	750106.0	805135.0
BomM240	748652.0	804522.0	750815.0	804105.0
BomM577	748308.5	804641.0	751005.5	804139.0
BomL151	747387.5	805474.5	750105.0	805127.0
BomM210	748478.0	804560.0	750796.0	804260.0
BomL157	747482.0	805309.0	750258.0	805045.0
BomP147	747964.5	805058.5	750674.0	804397.0
BomM619	748283.0	804590.5	750695.5	804525.0
BomM264	748436.5	804800.5	750790.5	804066.5
BomL145	747386.0	805479.0	750105.0	805124.0
BomL147	747385.5	805483.5	750098.5	805126.5
BomM41	748346.5	804629.0	750653.5	804465.0
BomM40	748328.0	804644.0	750667.0	804455.0
BomP138	748151.0	804844.5	750715.0	804383.5
BomP80	748385.5	804497.5	750855.5	804355.5
BomM583	748150.0	804639.5	750814.0	804490.5
BomM197	748252.5	804691.0	751003.5	804147.0
BomM390	748436.5	804488.5	751054.0	804115.0
BomM206	748428.5	804523.5	751063.5	804078.5
BomM320	748449.5	804852.5	750594.0	804198.0
BomM123	747535.0	805086.5	750619.5	804853.0
BomL154	747386.5	805476.5	750094.0	805137.0
BomM617	748359.0	804664.0	750458.5	804612.5
BomP124	747953.5	804981.0	750791.0	804368.5
BomM545	747848.5	805145.0	750872.5	804228.0
BomP83	748387.5	804450.5	750953.5	804302.5
BomP144	747839.5	805117.0	750616.5	804521.0
BomM594	747938.5	805063.0	750727.5	804365.0
BomP173	748035.0	804919.0	750562.5	804577.5
BomM572	747767.5	805104.5	750969.0	804253.0
BomM319	748387.0	804814.5	750676.0	804216.5
BomM159	747596.5	805329.0	750253.5	804915.0
BomM618	748036.0	804701.5	750847.5	804509.0
BomM166	747854.5	805017.0	750382.0	804840.5
BomP142	747917.5	805019.5	750530.5	804626.5
BomM555	748358.5	804772.0	750827.0	804136.5
BomM204	748335.5	804571.0	750897.5	804290.0
BomM203	748377.0	804536.5	750905.0	804275.5
BomP88	748424.5	804434.0	751053.0	804182.5
BomL108	748193.5	804605.5	751136.0	804159.0
BomM343	748370.0	804644.0	750903.5	804176.5
BomM281	748480.0	804759.0	750725.0	804130.0
BomM29	748006.0	804805.5	751043.0	804239.5
BomM394	748388.5	804569.5	751004.5	804131.5
BomM45	747973.5	805027.0	750698.0	804395.5
BomM624	747986.5	804879.5	750511.5	804716.5
BomM228	748130.5	804707.5	750751.5	804504.5
BomM230	748509.0	804606.5	750767.0	804211.5
BomM355	748217.0	804591.5	751126.5	804159.0
BomM354	748247.5	804561.0	751114.0	804171.5
BomM612	748302.0	804711.0	750560.5	804520.5
BomM226	748168.5	804695.5	750944.0	804286.0
BomM280	748398.5	804795.0	750598.0	804302.5
BomM174	747292.0	805572.5	750085.0	805144.5
BomM167	747318.5	805508.0	750157.5	805110.0
BomM571	747819.0	805033.5	751014.5	804227.0
BomL209	748203.0	804720.0	750912.0	804259.0
BomM377	748281.0	804737.0	750785.0	804291.0
BomM547	748465.5	804548.5	750768.0	804312.0
BomM150	747884.0	804998.5	750415.0	804796.5
BomL129	747803.0	805102.0	750563.5	804625.5
BomM157	747594.0	805130.5	750448.0	804921.5
BomM534	748460.5	804534.5	751015.5	804083.5
BomM311	748273.0	804926.0	750661.5	804233.5
BomL134	747866.5	805188.0	750334.5	804705.0
BomM349	748436.5	804645.5	750892.0	804120.0
BomL130	747660.5	805260.0	750394.5	804779.0
BomL211	747636.0	805198.0	750320.5	804939.5
BomM350	748411.0	804615.0	750814.0	804254.0
BomM549	748277.0	804523.5	750730.0	804563.5
BomP82	748433.5	804436.0	750936.0	804288.5
BomP118	748077.0	804949.5	750796.5	804271.0
BomP136	747856.5	804999.0	750563.0	804675.5
BomP143	747788.0	805133.0	750600.0	804573.0
BomM310	748335.5	804861.5	750717.0	804180.0
BomP134	748257.0	804766.5	750765.0	804305.5
BomL208	748023.5	804922.5	750584.5	804563.5
BomP135	748108.0	804789.0	750632.5	804564.5
BomM396	748407.0	804469.5	751173.0	804044.5
BomL132	747662.5	805209.0	750518.5	804704.0
BomM12	747946.5	804780.5	750486.0	804881.0
BomM381	748625.5	804510.5	750871.0	804087.0
BomM631	747902.0	804948.5	750729.0	804514.5
BomP145	747849.5	805114.0	750546.0	804584.5
BomP81	748504.5	804311.5	751121.5	804156.5
BomM303	748308.0	804815.0	750635.5	804335.5
BomM338	747884.5	804758.5	751032.0	804419.0
BomP85	748379.0	804399.0	751009.5	804306.5
BomM472	748346.0	804434.0	751185.5	804128.5
BomM183	748080.0	804835.0	750565.5	804613.5
BomM216	747943.0	804701.0	750792.5	804657.5
BomM20	748607.0	804588.5	750933.5	803965.0
BomP116	748136.5	804796.5	750669.5	804491.5
BomP210	748490.5	804370.5	750970.0	804263.0
BomM388	748553.0	804466.5	750771.0	804303.5
BomP140	748075.0	804857.0	750478.0	804684.0
BomP209	748483.0	804364.0	751084.5	804162.5
BomM302	748446.0	804765.0	750646.0	804237.0
BomL107	747963.0	804910.0	750595.5	804625.5
BomP141	747907.0	805036.0	750583.0	804568.0
BomP139	748023.5	804870.0	750492.5	804708.0
BomM161	747743.5	805128.5	750347.0	804875.0
BomL133	747745.0	805089.0	750524.5	804735.5
BomP208	748526.0	804376.0	750962.0	804230.0
BomP146	747962.5	805056.0	750676.0	804399.5
BomL103	748146.0	804549.0	751081.5	804317.5
BomL163	748087.0	804984.5	750531.5	804491.0
BomL128	747954.5	805008.0	750698.0	804433.5
BomM297	748438.0	804871.0	750578.0	804207.0
BomM552	748286.5	804459.0	750707.5	804641.0
BomM548	748416.5	804633.0	750719.0	804325.5
BomM550	748380.0	804593.0	750598.0	804523.0
BomM505	748120.0	804599.5	751102.5	804272.0
BomL126	747867.0	805076.5	750732.0	804418.5
BomM129	748155.5	804664.0	750579.5	804695.0
BomL131	747676.0	805194.5	750521.5	804702.0
BomM506	748075.5	804712.5	751116.5	804189.5
BomM551	748354.5	804564.5	750602.5	804572.5
BomM296	748415.0	804695.0	750758.5	804225.5
BomM147	747555.0	805187.5	750393.5	804958.0
BomM127	748013.0	804843.5	751064.0	804173.5
BomM556	748153.0	804666.0	750930.0	804345.0
BomM356	748371.0	804660.0	750508.5	804554.5
BomM17	748436.0	804759.5	750807.5	804091.0
BomM610	747996.0	804612.0	750795.0	804691.0
BomM59	747745.5	804881.0	750846.0	804621.5
BomM239	748168.0	804812.5	750673.5	804440.0
BomP137	748116.0	804764.5	750539.0	804674.5
BomP66	748336.5	804447.5	751021.5	804288.5
BomM299	748199.5	804885.5	750825.5	804183.5
BomL127	747946.0	805034.0	750650.0	804464.0
BomP84	748444.0	804382.5	750926.5	804341.0
BomP86	748419.0	804367.0	750976.0	804332.0
BomP207	748431.0	804421.5	750993.5	804248.0
BomM185	748119.5	804758.5	750709.5	804506.5
BomP127	747926.0	804970.0	750606.5	804591.5
BomM6	748638.5	804314.0	750895.0	804246.5
BomM298	748328.5	804815.0	750791.0	804159.5
BomP129	747796.5	805157.0	750626.5	804514.0
BomP90	748439.0	804432.5	751072.0	804150.5
BomP89	748460.0	804422.0	751070.5	804141.5
BomP154	748136.5	804828.5	750585.5	804543.5
BomP152	747984.0	805095.5	750613.5	804401.0
BomP151	748089.5	805054.5	750563.0	804387.0
BomP29	748058.5	804778.5	750719.5	804537.5
BomP31	748219.0	804691.5	750853.5	804330.0
BomP30	748140.5	804787.0	750808.5	804358.0
BomL125	747628.5	805165.0	750618.0	804682.5
BomM327	748374.5	804847.5	750723.0	804149.0
BomL138	747583.0	805213.5	750424.5	804873.0
BomL117	747792.5	805052.5	750306.5	804942.5
BomL115	747892.0	804771.5	750602.5	804828.0
BomL118	748122.0	804647.5	750813.0	804511.5
BomL121	747594.5	805187.5	750525.0	804787.0
BomL120	747581.5	805192.0	750526.5	804794.0
BomL136	747534.0	805285.5	750322.0	804952.5
BomL27	748445.0	804481.0	750934.0	804234.0
BomL33	748604.5	804661.0	750507.0	804321.5
BomL26	748187.5	804399.5	751164.0	804343.0
BomL28	748414.5	804406.0	751127.5	804146.0
BomM326	748377.5	804760.0	750688.5	804268.0
BomP199	747884.5	805001.0	750701.0	804507.5
BomP198	747953.5	804918.0	750652.5	804570.0
BomP105	748204.5	804702.0	750855.5	804332.0
BomP104	748143.5	804662.5	750935.5	804352.5
BomP103	748411.5	804463.0	750767.0	804452.5
BomP102	748472.0	804389.0	750810.5	804422.5
BomP119	748003.5	804759.0	750755.5	804576.0
BomP18	748383.5	804536.5	750767.5	804406.5
BomP202	748650.0	804219.0	751016.0	804209.0
BomL124	747588.0	805177.0	750627.0	804702.0
BomM283	748239.0	805052.5	750691.5	804111.0
BomM515	748263.0	804506.0	750851.0	804474.0
BomM480	748319.5	804554.5	751136.0	804084.0
BomM479	748351.0	804535.5	751213.5	803994.0
BomM178	747392.0	805448.0	750098.0	805156.0
BomM179	747399.5	805451.0	750099.5	805144.0
BomL123	747750.0	804965.0	750543.0	804836.0
BomL110	747837.5	804822.5	750785.0	804649.0
BomL116	747980.5	804803.5	750299.0	805011.0
BomL210	747956.5	804705.0	750814.5	804618.0
BomL119	747570.0	805169.5	750599.5	804755.0
BomM282	748249.5	804917.5	750792.5	804134.5
BomL135	747445.0	805415.5	750195.5	805038.0
BomL137	747540.0	805266.0	750342.5	804945.5
BomL113	747473.5	805188.5	750482.0	804950.0
BomL109	748008.5	804772.5	750917.5	804395.5
BomL10	748377.5	804619.5	750895.5	804201.5
BomL8	748320.5	804662.5	750689.0	804422.0
BomL15	748294.0	804554.0	750872.0	804374.0
BomL14	748319.0	804518.0	750982.5	804274.5
BomL13	748134.5	804592.5	751163.5	804203.5
BomL9	748278.5	804821.0	750930.0	804064.5
BomM287	748074.5	804949.0	750676.5	804394.0
BomL85	748442.0	804427.0	750802.0	804423.0
BomL12	748356.5	804553.5	750889.5	804294.5
BomL11	748358.0	804606.0	750944.5	804185.5
BomM143	747611.5	805312.0	750297.5	804873.0
BomL46	748546.0	804516.5	750960.0	804071.5
BomL79	748602.5	804282.5	751157.0	804052.0
BomL45	748923.5	804024.0	751223.0	803923.5
BomP197	747870.0	804962.5	750900.0	804361.5
BomL36	748403.5	804561.5	750739.5	804389.5
BomL42	748380.0	804564.0	750929.5	804220.5
BomL44	748330.0	804519.0	751104.0	804141.0
BomM286	748170.5	804974.5	750617.5	804331.5
BomL192	748542.0	804463.5	750833.0	804255.5
BomL43	748410.0	804381.5	750999.5	804303.0
BomL65	748348.0	804332.5	750910.5	804503.0
BomL19	748303.0	804568.0	750971.5	804251.5
BomL5	748352.5	804363.0	750905.5	804473.0
BomL23	748218.0	804670.5	750762.5	804443.0
BomL16	748066.0	804545.0	751267.5	804215.5
BomL176	748294.0	804525.5	750988.0	804286.5
BomL1	748466.0	804608.5	751014.5	804005.0
BomL18	748438.5	804430.0	750906.5	804319.0
BomM332	748221.5	804966.5	750744.0	804162.0
BomL22	748409.5	804494.0	750761.5	804429.0
BomL4	748561.0	804232.5	750971.0	804329.5
BomL21	748068.5	804615.0	751212.5	804198.0
BomL20	748320.0	804621.0	750974.0	804179.0
BomL17	748014.0	804502.0	750997.5	804580.5
BomL100	748461.5	804441.5	750879.5	804311.5
BomL95	748514.0	804655.0	750761.0	804164.0
BomP195	748509.5	804426.0	750985.0	804173.5
BomL167	748715.0	804381.0	751062.5	803935.5
BomL99	748537.5	804487.0	750952.5	804117.0
BomM331	748229.0	804924.0	750829.5	804111.5
BomL98	748195.0	804774.0	750633.0	804492.0
BomL175	748289.0	804482.0	751116.0	804207.0
BomL173	748390.5	804438.0	751165.5	804100.0
BomL174	748533.5	804339.0	751264.5	803957.0
BomL50	748834.0	804429.5	750602.5	804228.0
BomL49	748291.0	804671.0	750759.5	804372.5
BomL182	748259.0	804494.0	751031.0	804310.0
BomL183	747930.5	804662.5	750892.0	804609.0
BomL181	748080.0	804671.0	750957.0	804386.0
BomL53	748418.0	804714.5	750993.0	803968.5
BomM309	748217.0	804939.5	750685.5	804252.0
BomL52	748234.5	804546.0	751145.0	804168.5
BomL180	748397.0	804661.5	750774.5	804261.0
BomL179	748471.0	804490.5	750881.0	804251.5
BomL185	748285.5	804773.0	750756.5	804279.0
BomL184	748051.5	804941.5	750649.5	804451.5
BomL177	748204.0	804384.5	751369.5	804136.0
BomL55	748298.0	804483.0	751282.0	804031.0
BomL64	748345.5	804528.0	751091.0	804129.5
BomL60	748390.0	804610.5	751223.5	803870.0
BomL62	748384.0	804462.5	751144.5	804103.0
BomM308	748229.0	804827.5	750856.0	804181.5
BomL63	748360.5	804431.0	751441.5	803861.0
BomL61	748573.5	804355.5	751073.0	804092.0
BomL178	748332.0	804419.5	751073.0	804269.5
BomL59	748419.5	804610.0	751050.0	804014.5
BomL56	748399.0	804384.0	751085.5	804225.5
BomL58	748642.0	804307.0	751053.5	804091.5
BomL57	748734.0	804266.0	751036.5	804057.5
BomL51	748732.5	804601.0	750991.0	803769.5
BomL90	747911.5	804755.0	751350.0	804077.5
BomL89	748028.5	805046.0	750863.5	804156.0
BomM315	748201.0	804865.0	750770.0	804258.0
BomL202	748066.5	804941.5	750896.5	804189.5
BomL112	747814.0	805015.0	750808.0	804457.0
BomL111	747968.0	804862.0	750808.5	804455.5
BomL201	747870.0	805022.0	750805.5	804396.5
BomL105	748559.0	804402.5	751015.0	804117.5
BomL74	748573.0	804393.0	750878.5	804249.5
BomL96	748035.0	804769.5	750860.5	804429.0
BomL75	748419.0	804462.5	750949.0	804263.5
BomL77	748255.5	804598.0	750647.0	804593.5
BomM314	748463.5	804736.0	750834.5	804060.0
BomL92	748298.5	804497.5	750887.5	804410.5
BomL47	748494.5	804527.5	750871.5	804200.5
BomL48	748596.0	804336.5	751340.5	803821.0
BomL168	748267.5	804680.0	751114.0	804032.5
BomL200	748455.0	804615.0	750639.0	804385.0
BomL54	748551.0	804537.5	750857.0	804148.5
BomM277	748370.5	804837.0	750730.5	804156.0
BomL101	747951.0	804790.0	750851.0	804502.0
BomL7	748506.0	804605.5	751135.0	803847.5
BomL6	748592.5	804527.0	751023.5	803951.0
BomP109	748122.0	804794.0	750944.0	804234.0
BomM276	748526.0	804692.5	750709.5	804166.0
BomM305	748212.0	804941.0	750719.5	804221.5
BomP13	747812.5	804870.0	750693.5	804718.0
BomP122	747980.5	805058.5	750790.0	804265.0
BomP158	748140.5	804907.0	750649.0	804397.5
BomP121	748026.0	804954.0	750730.0	804384.0
BomP120	747974.5	805042.5	750720.0	804357.0
BomP112	748183.5	804767.5	750850.5	804292.5
BomP170	748192.0	804834.5	750844.0	804223.5
BomP149	748258.0	804839.5	750578.0	804418.5
BomP113	747986.5	804683.0	750976.5	804448.0
BomP163	748082.5	804887.5	750623.5	804500.5
BomP157	747956.5	805028.5	750571.5	804537.5
BomP171	748020.5	805082.5	750435.0	804556.0
BomP110	747962.0	805030.5	750696.0	804405.5
BomP108	748463.0	804639.5	750735.5	804256.0
BomP107	748553.0	804576.0	750769.5	804195.5
BomP168	748054.5	804973.0	750788.5	804278.0
BomP148	748143.5	804914.5	750595.0	804441.0
BomP153	748081.5	805054.5	750513.0	804445.0
BomP111	747880.0	804989.0	750789.0	804436.0
BomP150	748049.0	805041.0	750545.0	804459.0
BomP114	748167.0	804954.0	750523.0	804450.0
BomP161	747975.0	805077.0	750756.0	804286.0
BomP156	747955.5	805084.5	750568.5	804485.5
BomP192	747997.5	805055.5	750742.0	804299.0
BomP194	748081.0	805017.5	750693.0	804302.5
BomP187	747931.0	805050.0	750679.0	804434.0
BomP179	748158.0	804795.0	750766.0	804375.0
BomP77	748510.5	804393.0	750851.0	804339.5
BomP57	748462.0	804440.5	750929.5	804262.0
BomP51	748581.0	804395.5	751008.0	804109.5
BomP63	748479.0	804411.5	750949.0	804254.5
BomP40	748413.0	804465.5	750952.5	804263.0
BomP39	748371.5	804529.0	750983.0	804210.5
BomP60	748617.5	804353.5	750809.0	804314.0
BomP186	747973.5	805038.5	750700.5	804381.5
BomP72	748439.5	804410.5	750969.5	804274.5
BomP59	748518.0	804351.5	750930.5	804294.0
BomP62	748393.5	804417.5	750996.5	804286.5
BomP56	748410.5	804453.0	750908.0	804322.5
BomP55	748378.5	804360.5	751012.0	804343.0
BomP76	748430.0	804388.5	750969.5	804306.0
BomP53	748329.0	804520.0	751008.0	804237.0
BomP125	748028.0	804990.0	750614.5	804461.5
BomP69	748422.5	804381.5	751051.0	804239.0
BomP68	748411.0	804372.0	750971.0	804340.0
BomP37	748451.5	804448.5	750912.5	804281.5
BomP50	748345.5	804472.0	751056.5	804220.0
BomP49	748282.0	804578.0	751026.0	804208.0
BomP25	748260.5	804637.5	750901.0	804295.0
BomP58	748560.0	804377.0	750916.5	804240.5
BomP74	748440.0	804374.5	750935.5	804344.0
BomP73	748577.0	804290.5	750937.0	804289.5
BomP87	748378.5	804452.0	750960.0	804303.5
BomP167	748177.5	804832.5	750716.0	804368.0
BomP175	748043.5	804884.5	750760.0	804406.0
BomP46	748372.0	804427.5	750949.5	804345.0
BomP27	748271.5	804535.0	750804.5	804483.0
BomP48	748215.0	804471.0	750929.5	804478.5
BomP47	748252.0	804418.0	751046.0	804378.0
BomP20	748242.0	804655.5	750907.0	804289.5
BomP155	748092.5	804920.5	750640.0	804441.0
BomP22	748407.0	804513.5	750957.0	804216.5
BomP64	748464.0	804298.0	750927.0	804405.0
BomP188	748082.0	805037.0	750755.5	804219.5
BomP21	748263.0	804604.0	750921.5	804305.5
BomP26	748341.0	804537.5	750923.0	804292.5
BomP33	748413.5	804566.0	750829.5	804285.0
BomP35	748314.0	804632.0	750850.5	804297.5
BomP34	748379.5	804566.0	750845.0	804303.5
BomP44	748167.5	804600.5	751011.5	804314.5
BomP52	748289.0	804625.5	750922.0	804257.5
BomP41	748275.0	804569.0	750933.5	804316.5
BomP193	748092.5	805033.0	750769.5	804199.0
BomP183	748049.5	805078.0	750665.5	804301.0
BomP178	748174.0	804775.5	750870.5	804274.0
BomP181	748021.5	804988.0	750873.0	804211.5
BomP99	748113.5	804802.5	750629.5	804548.5
BomP123	748041.0	804901.5	750880.5	804271.0
BomP128	747882.5	805085.5	750492.0	804634.0
BomP184	748071.0	805031.0	750746.0	804246.0
BomP191	747885.5	805132.5	750751.5	804324.5
BomP185	747896.5	805070.5	750722.0	804405.0
BomP166	748097.5	804983.5	750704.5	804308.5
BomP177	748154.0	804824.5	750788.5	804327.0
BomP176	748042.0	804916.0	750713.0	804423.0
BomP169	748060.0	804904.0	750739.5	804390.5
BomP172	748015.0	805056.0	750674.0	804349.0
BomL66	748728.0	804398.5	750640.0	804327.5
BomL207	748066.5	804743.0	750943.0	804341.5
BomW18	748019.0	805022.0	750491.5	804561.5
BomW41	748285.0	804820.0	750919.0	804070.0
BomW40	748697.0	804245.0	750983.5	804168.5
BomW2	748529.0	804483.5	750904.5	804177.0
BomW20	748356.5	804627.0	750647.5	804463.0
BomW5	749206.0	803631.0	751594.5	803662.5
BomW4	748652.5	804338.5	751111.0	803992.0
BomW30	748630.5	804472.0	750952.0	804039.5
BomW15	748295.0	804593.0	750692.5	804513.5
BomW3	748329.0	804647.5	751047.0	804070.5
BomW35	748794.5	804312.5	750880.0	804107.0
BomW34	748959.5	804148.5	750968.5	804017.5
BomW49	748616.0	804784.0	750667.5	804026.5
BomW51	748822.5	804428.5	750659.0	804184.0
BomW9	748129.5	804784.5	750120.0	805060.0
BomW38	748172.0	805010.5	750802.5	804109.0
BomW39	748558.0	804318.5	750483.0	804734.5
BomW43	748540.5	804464.5	750961.0	804128.0
BomW17	748338.5	804305.5	751320.5	804129.5
BomW25	748396.0	804864.0	750482.0	804352.0
BomW24	748330.0	804448.5	751329.5	803986.0
BomW23	748552.0	804254.0	751220.5	804067.5
BomW14	748845.0	804393.5	750763.0	804092.5
BomW13	748883.5	804327.5	750686.5	804196.5
BomW12	748639.5	804345.0	750874.5	804235.0
BomW11	749043.5	804195.5	750656.0	804199.0
BomW31	748310.5	804488.5	750932.0	804363.0
BomW47	748723.5	804151.5	751093.5	804125.5
BomW46	748693.0	804094.5	751213.5	804093.0
BomW33	748327.5	804570.5	751078.5	804117.5
BomW45	748258.0	804386.0	751194.5	804255.5
BomW48	748694.0	804361.5	750968.5	804070.0
BomW27	749259.5	803753.0	751247.5	803834.0
BomW26	749258.5	803824.5	751072.0	803939.0
BomW10	748017.5	805149.5	750111.5	804815.5
BomW16	748605.0	804334.5	750728.5	804426.0
BomW37	748218.5	804573.5	750979.0	804323.0
BomW29	748271.0	804537.5	751249.5	804036.0
BomW44	748590.5	804179.5	750805.5	804518.5
BomW36	748491.0	804315.0	751365.5	803922.5
BomW22	748456.0	804380.5	750826.0	804431.5
BomW19	747977.0	804751.5	750517.0	804848.5
BomW50	748580.5	804524.0	750784.5	804205.0
BomW42	748537.0	804151.5	751074.0	804331.5
BomW32	748152.0	804746.5	750632.0	804563.5
BomW28	748145.5	804635.0	751098.5	804215.0
BomW21	747938.0	805322.5	749955.5	804878.0
BomW8	745942.5	807598.5	747854.5	806698.5
BomW7	745996.5	807472.0	747862.0	806763.5
BomW1	748127.0	804778.0	750596.0	804593.0
BomW6	747509.0	805589.0	750140.0	804856.0
